1.000000000000000048e-04 5.693183592814912153e+00
1.012293239188635498e-04 5.760761170653904806e+00
1.024737602107019988e-04 5.829140390939001826e+00
1.037334946555309366e-04 5.898330745831435351e+00
1.050087153172044171e-04 5.968341837272691741e+00
1.062996125714901486e-04 6.039183379788117811e+00
1.076063791344907558e-04 6.110865202462266943e+00
1.089292100914140602e-04 6.183397250282755664e+00
1.102683029256968240e-04 6.256789585499752171e+00
1.116238575484873244e-04 6.331052389001265546e+00
1.129960763284890618e-04 6.406195961704429287e+00
1.143851641221724870e-04 6.482230725962986106e+00
1.157913283043576883e-04 6.559167226991230670e+00
1.172147787991728628e-04 6.637016134196098704e+00
1.186557281113940885e-04 6.715788240506772588e+00
1.201143913581691609e-04 6.795494463868559265e+00
1.215909863011325153e-04 6.876145850654761027e+00
1.230857333789144459e-04 6.957753577246556631e+00
1.245988557400499086e-04 7.040328951552671022e+00
1.261305792762926377e-04 7.123883414546659409e+00
1.276811326563372627e-04 7.208428541821978008e+00
1.292507473599575278e-04 7.293976045165065258e+00
1.308396577125633660e-04 7.380537774145936147e+00
1.324481009201831157e-04 7.468125716525847224e+00
1.340763171048753256e-04 7.556751997331224935e+00
1.357245493405768967e-04 7.646428883314752234e+00
1.373930436893903799e-04 7.737168785289830097e+00
1.390820492383186980e-04 7.828984259808160040e+00
1.407918181364507858e-04 7.921888010856429574e+00
1.425226056326050355e-04 8.015892891572635293e+00
1.442746701134342330e-04 8.111011905982083547e+00
1.460482731420001694e-04 8.207258210654934771e+00
1.478436794968219419e-04 8.304645113365122455e+00
1.496611572114043382e-04 8.403186074076442580e+00
1.515009776142519444e-04 8.502894710211982954e+00
1.533634153693760763e-04 8.603784798699946279e+00
1.552487485172978688e-04 8.705870277822265635e+00
1.571572585165573362e-04 8.809165249084227156e+00
1.590892302857315995e-04 8.913683979105549327e+00
1.610449522459698459e-04 9.019440901441955205e+00
1.630247163640519299e-04 9.126450614952968721e+00
1.650288181959746830e-04 9.234727884393230113e+00
1.670575569310756351e-04 9.344287646669236835e+00
1.691112354366984582e-04 9.455145013144985455e+00
1.711901603034072595e-04 9.567315271653216158e+00
1.732946418907579109e-04 9.680813888529643307e+00
1.754249943736299383e-04 9.795656510669989103e+00
1.775815357891300016e-04 9.911858966437311125e+00
1.797645880840710055e-04 1.002943726176362915e+01
1.819744771630348360e-04 1.014840758638452911e+01
1.842115329370269357e-04 1.026878631852165036e+01
1.864760893727270008e-04 1.039059002704743762e+01
1.887684845423473186e-04 1.051383547366986093e+01
1.910890606741026232e-04 1.063853961514165292e+01
1.934381642033010623e-04 1.076471960453022803e+01
1.958161458240625930e-04 1.089239278595468541e+01
1.982233605416745077e-04 1.102157670053271588e+01
2.006601677255884567e-04 1.115228909280980929e+01
2.031269311630708369e-04 1.128454791310960026e+01
2.056240191135117531e-04 1.141837131987561804e+01
2.081518043634027139e-04 1.155377768203908673e+01
2.107106642819880796e-04 1.169078557890561321e+01
2.133009808776028355e-04 1.182941379421305150e+01
2.159231408547017893e-04 1.196968132593492307e+01
2.185775356715900569e-04 1.211160739148066767e+01
2.212645615988632127e-04 1.225521143017422609e+01
2.239846197785666190e-04 1.240051310575970511e+01
2.267381162840801127e-04 1.254753230853241064e+01
2.295254621807409534e-04 1.269628914868886405e+01
2.323470735872106691e-04 1.284680395821135868e+01
2.352033717375977533e-04 1.299909730240302252e+01
2.380947830443416085e-04 1.315318998292796415e+01
2.410217391618719638e-04 1.330910304045639059e+01
2.439846770510497871e-04 1.346685775728127510e+01
2.469840390444003140e-04 1.362647565276700057e+01
2.500202729121481704e-04 1.378797847849600267e+01
2.530938319290651582e-04 1.395138823315844512e+01
2.562051749421374544e-04 1.411672716694764596e+01
2.593547664390673203e-04 1.428401778434655611e+01
2.625430766176154742e-04 1.445328284691021814e+01
2.657705814557958092e-04 1.462454536820528261e+01
2.690377627829346543e-04 1.479782860592941951e+01
2.723451083516006499e-04 1.497315607968449491e+01
2.756931119104217166e-04 1.515055157632592930e+01
2.790822732777957873e-04 1.533003915288891150e+01
2.825130984165076064e-04 1.551164313938937411e+01
2.859860995092642819e-04 1.569538812986940357e+01
2.895017950351565835e-04 1.588129897624484421e+01
2.930607098470630633e-04 1.606940080902298362e+01
2.966633752500043167e-04 1.625971904226259923e+01
3.003103290804602318e-04 1.645227937663591078e+01
3.040021157866642132e-04 1.664710780146229396e+01
3.077392865098809403e-04 1.684423057844025351e+01
3.115223991666869036e-04 1.704367424573599266e+01
3.153520185322606045e-04 1.724546563810297783e+01
3.192287163246966758e-04 1.744963189067611253e+01
3.231530712903569330e-04 1.765620044216483819e+01
3.271256692902714753e-04 1.786519903227469541e+01
3.311471033875992690e-04 1.807665567774722959e+01
3.352179739361668079e-04 1.829059869535245397e+01
3.393388886700935770e-04 1.850705671608107394e+01
3.435104627945207464e-04 1.872605868843634980e+01
3.477333190774526913e-04 1.894763388142585825e+01
3.520080879427299296e-04 1.917181186721119701e+01
3.563354075641441592e-04 1.939862251060764464e+01
3.607159239607100843e-04 1.962809600167363655e+01
3.651502910931083974e-04 1.986026286199030721e+01
3.696391709613158533e-04 2.009515394804865096e+01
3.741832337034322492e-04 2.033280044819399635e+01
3.787831576957256135e-04 2.057323384694345236e+01
3.834396296539054169e-04 2.081648595223790466e+01
3.881533447356427238e-04 2.106258891726853832e+01
3.929250066443468799e-04 2.131157524398481584e+01
3.977553277342219928e-04 2.156347778589062258e+01
4.026450291166129070e-04 2.181832971969729584e+01
4.075948407676585660e-04 2.207616453324164496e+01
4.126055016372687494e-04 2.233701606978865328e+01
4.176777597594426208e-04 2.260091853491593739e+01
4.228123723639388943e-04 2.286790650001447034e+01
4.280101059893232107e-04 2.313801489179306259e+01
4.332717365974027486e-04 2.341127894267141585e+01
4.385980496890701371e-04 2.368773423801924949e+01
4.439898404215669139e-04 2.396741673843225584e+01
4.494479137271933087e-04 2.425036278323385019e+01
4.549730844334749238e-04 2.453660909078117669e+01
4.605661773848069109e-04 2.482619270469265871e+01
4.662280275655938597e-04 2.511915100104163301e+01
4.719594802249029602e-04 2.541552174136590381e+01
4.777613910026518008e-04 2.571534307791312202e+01
4.836346260573426165e-04 2.601865355702868854e+01
4.895800621953713423e-04 2.632549208684415731e+01
4.955985870019261053e-04 2.663589788393050739e+01
5.016910989734905003e-04 2.694991054936593144e+01
5.078585076519810280e-04 2.726757008566824325e+01
5.141017337605302984e-04 2.758891690018402443e+01
5.204217093409407727e-04 2.791399179578908729e+01
5.268193778928274753e-04 2.824283588195158501e+01
5.332956945144715771e-04 2.857549062630372205e+01
5.398516260454075096e-04 2.891199790656660440e+01
5.464881512107574871e-04 2.925240001411890844e+01
5.532062607673465067e-04 2.959673965549951902e+01
5.600069576516096418e-04 2.994505987835237804e+01
5.668912571293209047e-04 3.029740403970751572e+01
5.738601869471579879e-04 3.065381590606692441e+01
5.809147874861344358e-04 3.101433966419953592e+01
5.880561119169169185e-04 3.137901992416457020e+01
5.952852263570505929e-04 3.174790168657624179e+01
6.026032100301182467e-04 3.212103022285705123e+01
6.100111554268579459e-04 3.249845118471102978e+01
6.175101684682563147e-04 3.288021064787115222e+01
6.251013686706511675e-04 3.326635511481229912e+01
6.327858893128622498e-04 3.365693150960785118e+01
6.405648776053787102e-04 3.405198704595948556e+01
6.484394948616206515e-04 3.445156924118339248e+01
6.564109166713124905e-04 3.485572603291763727e+01
6.644803330759844985e-04 3.526450578536195479e+01
6.726489487466316870e-04 3.567795729145760220e+01
6.809179831635575782e-04 3.609612969972784668e+01
6.892886707984305058e-04 3.651907237800563877e+01
6.977622612985722892e-04 3.694683507985058668e+01
7.063400196735187446e-04 3.737946798103504165e+01
7.150232264838701389e-04 3.781702168129660890e+01
7.238131780324662820e-04 3.825954718593562376e+01
7.327111865579057732e-04 3.870709570456872939e+01
7.417185804304510331e-04 3.915971872621958738e+01
7.508367043503377716e-04 3.961746815038921454e+01
7.600669195485232604e-04 4.008039629008789717e+01
7.694106039899026826e-04 4.054855587195757494e+01
7.788691525790222923e-04 4.102199990864840373e+01
7.884439773683260284e-04 4.150078155851995376e+01
7.981365077689539077e-04 4.198495434642251922e+01
8.079481907641391418e-04 4.247457219477838919e+01
8.178804911252280469e-04 4.296968942380031109e+01
8.279348916303490942e-04 4.347036071111286049e+01
8.381128932857780447e-04 4.397664081381231682e+01
8.484160155500194457e-04 4.448858472119902530e+01
8.588457965606449262e-04 4.500624779564792277e+01
8.694037933639190861e-04 4.552968577262861061e+01
8.800915821472478882e-04 4.605895475612301482e+01
8.909107584744886937e-04 4.659411101381871134e+01
9.018629375241442748e-04 4.713521085873291128e+01
9.129497543304940406e-04 4.768231092202092469e+01
9.241728640276838328e-04 4.823546817611654092e+01
9.355339420968224315e-04 4.879473993269516541e+01
9.470346846161058034e-04 4.936018375795686097e+01
9.586768085140255809e-04 4.993185712721671621e+01
9.704620518256861644e-04 5.050981769036449265e+01
9.823921739522732764e-04 5.109412339691293425e+01
9.944689559237113695e-04 5.168483249263012880e+01
1.006694200664554019e-03 5.228200350056152246e+01
1.019069733263135592e-03 5.288569491936939926e+01
1.031597401244037327e-03 5.349596522546956834e+01
1.044279074843905116e-03 5.411287313637116370e+01
1.057116647290648253e-03 5.473647761638893883e+01
1.070112035086080542e-03 5.536683787067126161e+01
1.083267178292031266e-03 5.600401308607892759e+01
1.096584040819973543e-03 5.664806206280236722e+01
1.110064610724213838e-03 5.729904369870162384e+01
1.123710900498686239e-03 5.795701706655126628e+01
1.137524947377392464e-03 5.862204140698646171e+01
1.151508813638542697e-03 5.929417613659001063e+01
1.165664586912421941e-03 5.997348091257418901e+01
1.179994380493058466e-03 6.066001557290029922e+01
1.194500333653705391e-03 6.135384009951286544e+01
1.209184611966215199e-03 6.205501461045642486e+01
1.224049407624333433e-03 6.276359913428887438e+01
1.239096939770966853e-03 6.347965124911700485e+01
1.254329454829477674e-03 6.420322684556576576e+01
1.269749226839047250e-03 6.493438168230660779e+01
1.285358557794163406e-03 6.567317139878738885e+01
1.301159777988286506e-03 6.641965155343604010e+01
1.317155246361728519e-03 6.717387864687364640e+01
1.333347350853817921e-03 6.793591009592135777e+01
1.349738508759397307e-03 6.870580327787436659e+01
1.366331167089688799e-03 6.948361547929300741e+01
1.383127802937609901e-03 7.026940393564949261e+01
1.400130923847573827e-03 7.106322712598621649e+01
1.417343068189837402e-03 7.186514491019208606e+01
1.434766805539449460e-03 7.267521720296257115e+01
1.452404737059858914e-03 7.349350389589019983e+01
1.470259495891243018e-03 7.432006470372633089e+01
1.488333747543596789e-03 7.515495649025288571e+01
1.506630190294666865e-03 7.599823336138885566e+01
1.525151555592778796e-03 7.684994900870050571e+01
1.543900608464600279e-03 7.771015678092327050e+01
1.562880147927935524e-03 7.857890971224028931e+01
1.582093007409583708e-03 7.945626093825427461e+01
1.601542055168337416e-03 8.034226349902053244e+01
1.621230194723180702e-03 8.123697005470992849e+01
1.641160365286750732e-03 8.214043286309780001e+01
1.661335542204127628e-03 8.305270360260533380e+01
1.681758737397024295e-03 8.397383285700502142e+01
1.702432999813421974e-03 8.490387054688379465e+01
1.723361415882754526e-03 8.584286606667296837e+01
1.744547109976666817e-03 8.679086825926626148e+01
1.765993244875452804e-03 8.774792526085272470e+01
1.787703022240221245e-03 8.871408443307086600e+01
1.809679683090866876e-03 8.968939249686414428e+01
1.831926508289917098e-03 9.067389552018555321e+01
1.854446819032326815e-03 9.166763884882632851e+01
1.877243977341293626e-03 9.267066690931926587e+01
1.900321386570175564e-03 9.368302332734333504e+01
1.923682491910560155e-03 9.470475096443502139e+01
1.947330780906607111e-03 9.573589187603309369e+01
1.971269783975684604e-03 9.677648706101301457e+01
1.995503074935427255e-03 9.782657648476126155e+01
2.020034271537266175e-03 9.888619922198057566e+01
2.044867036006514736e-03 9.995539343301476265e+01
2.070005075589098978e-03 1.010341963013930808e+02
2.095452143105005528e-03 1.021226439943283708e+02
2.121212037508531795e-03 1.032207716763953584e+02
2.147288604455437327e-03 1.043286134817969071e+02
2.173685736877039275e-03 1.054462023333359610e+02
2.200407375561392025e-03 1.065735698166585479e+02
2.227457509741605658e-03 1.077107463642656597e+02
2.254840177691381717e-03 1.088577612439301987e+02
2.282559467327887302e-03 1.100146424130484348e+02
2.310619516822033388e-03 1.111814164366515030e+02
2.339024515216256254e-03 1.123581086025235436e+02
2.367778703049891811e-03 1.135447428898812205e+02
2.396886372992239073e-03 1.147413417241856166e+02
2.426351870483413418e-03 1.159479259600595924e+02
2.456179594383059439e-03 1.171645150353027560e+02
2.486373997627053505e-03 1.183911268513392514e+02
2.516939587892286657e-03 1.196277772061356757e+02
2.547880928269592032e-03 1.208744801046891553e+02
2.579202637944972946e-03 1.221312479683318202e+02
2.610909392889190165e-03 1.233980914967522295e+02
2.643005926555831980e-03 1.246750195232804828e+02
2.675497030587964224e-03 1.259620391579419589e+02
2.708387555533466051e-03 1.272591556226082758e+02
2.741682411569159889e-03 1.285663710473302785e+02
2.775386569233854843e-03 1.298836850292856866e+02
2.809505060170369890e-03 1.312110952301009661e+02
2.844042977876726393e-03 1.325485972549314795e+02
2.879005478466524232e-03 1.338961845779451210e+02
2.914397781438704971e-03 1.352538486144820808e+02
2.950225170456759714e-03 1.366215779595248705e+02
2.986492994137517412e-03 1.379993569269158513e+02
3.023206666849634176e-03 1.393871671691172480e+02
3.060371669521894187e-03 1.407849879683390384e+02
3.097993550461447532e-03 1.421927960529493191e+02
3.136077926182120282e-03 1.436105656748361525e+02
3.174630482242874006e-03 1.450382682089403090e+02
3.213656974096618969e-03 1.464758699742482122e+02
3.253163227949415308e-03 1.479233336643646624e+02
3.293155141630270746e-03 1.493806191548961522e+02
3.333638685471616847e-03 1.508476830964235376e+02
3.374619903200607764e-03 1.523244791322310618e+02
3.416104912841382880e-03 1.538109573483880865e+02
3.458099907628414769e-03 1.553070619918127306e+02
3.500611156931085575e-03 1.568127334097382573e+02
3.543645007189645795e-03 1.583279090416048973e+02
3.587207882862641743e-03 1.598525238229934757e+02
3.631306287386027246e-03 1.613865094699459348e+02
3.675946804144059749e-03 1.629297913203778876e+02
3.721136097452103133e-03 1.644822874334214191e+02
3.766880913551547572e-03 1.660439122568761547e+02
3.813188081616942279e-03 1.676145787764010322e+02
3.860064514775513739e-03 1.691941974500931281e+02
3.907517211139212993e-03 1.707826730341384405e+02
3.955553254849453713e-03 1.723799014773906606e+02
4.004179817134703723e-03 1.739857742624343473e+02
4.053404157381047465e-03 1.756001822983004388e+02
4.103233624215938020e-03 1.772230148624988431e+02
4.153675656605276129e-03 1.788541532000642462e+02
4.204737784963937658e-03 1.804934650558667215e+02
4.256427632279992379e-03 1.821408139924817249e+02
4.308752915252728535e-03 1.837960706834467715e+02
4.361721445444660152e-03 1.854591064044411723e+02
4.415341130447712238e-03 1.871297784480610460e+02
4.469619975063727005e-03 1.888079290547992173e+02
4.524566082499483638e-03 1.904933967801045469e+02
4.580187655576437207e-03 1.921860190087858200e+02
4.636492997955269507e-03 1.938856302840769672e+02
4.693490515375567558e-03 1.955920662687358629e+02
4.751188716910671392e-03 1.973051573866775072e+02
4.809596216237999912e-03 1.990247142806970544e+02
4.868721732924970180e-03 2.007505372883801442e+02
4.928574093730725240e-03 2.024824332446328867e+02
4.989162233923869101e-03 2.042202101394349256e+02
5.050495198616402302e-03 2.059636629673835273e+02
5.112582144114043679e-03 2.077125756486717592e+02
5.175432339283184656e-03 2.094667219431244689e+02
5.239055166934587088e-03 2.112258680028038214e+02
5.303460125224170735e-03 2.129897894305824195e+02
5.368656829070942403e-03 2.147582629709619653e+02
5.434655011592412835e-03 2.165310256309460897e+02
5.501464525557634919e-03 2.183077968166430765e+02
5.569095344858107817e-03 2.200883386980841578e+02
5.637557565996765586e-03 2.218724130255915554e+02
5.706861409595265396e-03 2.236597141319035416e+02
5.777017221919807793e-03 2.254499392559574744e+02
5.848035476425734493e-03 2.272428382357795442e+02
5.919926775321061527e-03 2.290381091838679026e+02
5.992701851149285185e-03 2.308353812868734281e+02
6.066371568391642002e-03 2.326343658031438224e+02
6.140946925089018835e-03 2.344348001493458753e+02
6.216439054483853879e-03 2.362362894961272559e+02
6.292859226682198659e-03 2.380384664374455213e+02
6.370218850336215044e-03 2.398410712758795853e+02
6.448529474347352783e-03 2.416437492148058652e+02
6.527802789590464276e-03 2.434460821093632319e+02
6.608050630659141958e-03 2.452476856082114693e+02
6.689284977632448288e-03 2.470481987861146536e+02
6.771517957863423462e-03 2.488472671428787635e+02
6.854761847789579005e-03 2.506444769939266166e+02
6.939029074765589757e-03 2.524394034816793635e+02
7.024332218918578896e-03 2.542316333557768075e+02
7.110684015026184218e-03 2.560207509673712138e+02
7.198097354417707511e-03 2.578063280007001481e+02
7.286585286898648872e-03 2.595879271335716112e+02
7.376161022698879237e-03 2.613651271483151959e+02
7.466837934444806729e-03 2.631374202048958182e+02
7.558629559155713787e-03 2.649042960005703549e+02
7.651549600264697867e-03 2.666654151228073033e+02
7.745611929664460334e-03 2.684202415346401267e+02
7.840830589778174237e-03 2.701681936153891002e+02
7.937219795655887228e-03 2.719087796063766973e+02
8.034793937096657360e-03 2.736415346205561718e+02
8.133567580796785199e-03 2.753659300328221775e+02
8.233555472524451899e-03 2.770814316552701371e+02
8.334772539321093701e-03 2.787874823769597015e+02
8.437233891729829446e-03 2.804834514100983824e+02
8.540954826051326207e-03 2.821688676039477173e+02
8.645950826627297331e-03 2.838432097707664070e+02
8.752237568152207089e-03 2.855058054656340687e+02
8.859830918013265194e-03 2.871559996059419859e+02
8.968746938659269766e-03 2.887932718475147453e+02
9.079001889998550290e-03 2.904169863236651850e+02
9.190612231826376585e-03 2.920265824501955194e+02
9.303594626282217159e-03 2.936213005927944550e+02
9.417965940337209504e-03 2.952005831837929577e+02
9.533743248312187557e-03 2.967638437197027201e+02
9.650943834426727735e-03 2.983102550939406115e+02
9.769585195379421744e-03 2.998391797804241037e+02
9.889685042959964201e-03 3.013500631675454429e+02
1.001126130669334133e-02 3.028420617398593890e+02
1.013433213651645376e-02 3.043145750953708557e+02
1.025891590548772686e-02 3.057668378684586514e+02
1.038503121252998436e-02 3.071981702552260458e+02
1.051269688520706062e-02 3.086078181647791894e+02
1.064193198253452453e-02 3.099949937785560223e+02
1.077275579782501110e-02 3.113591056103613823e+02
1.090518786156843313e-02 3.126992026876557134e+02
1.103924794434769929e-02 3.140146396807022597e+02
1.117495605979021769e-02 3.153047189854366934e+02
1.131233246755570035e-02 3.165683791535461182e+02
1.145139767636072989e-02 3.178050958990480126e+02
1.159217244704041638e-02 3.190139538795846761e+02
1.173467779564779483e-02 3.201941593493443747e+02
1.187893499659126335e-02 3.213449608696383848e+02
1.202496558581059999e-02 3.224655612058051588e+02
1.217279136399208005e-02 3.235549838213323710e+02
1.232243439982299259e-02 3.246125475483308946e+02
1.247391703328628622e-02 3.256374221860516514e+02
1.262726187899566865e-02 3.266285967159610664e+02
1.278249182957168911e-02 3.275854954559112571e+02
1.293963005905939337e-02 3.285070495035485578e+02
1.309870002638786717e-02 3.293925031831420256e+02
1.325972547887243995e-02 3.302409236231636100e+02
1.342273045575986291e-02 3.310517982851686156e+02
1.358773929181708758e-02 3.318237581491960100e+02
1.375477662096421562e-02 3.325563882434329912e+02
1.392386737995198083e-02 3.332485300116356370e+02
1.409503681208456975e-02 3.338994406227329819e+02
1.426831047098814885e-02 3.345083435640318612e+02
1.444371422442571745e-02 3.350744014506249187e+02
1.462127425815886589e-02 3.355965894994762948e+02
1.480101707985705117e-02 3.360782580638895070e+02
1.498296952305481350e-02 3.365113721947809040e+02
1.516715875115776276e-02 3.368972993507109095e+02
1.535361226149775139e-02 3.372361312575406487e+02
1.554235788943789456e-02 3.375269644851683779e+02
1.573342381252813144e-02 3.377693815844924643e+02
1.592683855471171278e-02 3.379621649632698563e+02
1.612263099058356547e-02 3.381047309541966683e+02
1.632083034970091551e-02 3.381963236510303545e+02
1.652146622094691555e-02 3.382360965854007304e+02
1.672456855694797601e-02 3.382237336551132216e+02
1.693016767854527149e-02 3.381579609818517724e+02
1.713829427932133526e-02 3.380384113346851223e+02
1.734897943018225488e-02 3.378642840670653982e+02
1.756225458399618411e-02 3.376352808822771294e+02
1.777815158028896170e-02 3.373502835765572172e+02
1.799670264999727112e-02 3.370090008959383567e+02
1.821794042028043736e-02 3.366108617909331429e+02
1.844189791939125633e-02 3.361554011058524338e+02
1.866860858160671391e-02 3.356419429299921831e+02
1.889810625221941681e-02 3.350704665113282772e+02
1.913042519259020025e-02 3.344396024914660757e+02
1.936560008526300863e-02 3.337501441023364919e+02
1.960366603914260805e-02 3.330009402032722505e+02
1.984465859473589708e-02 3.321919943065449843e+02
2.008861372945779794e-02 3.313232445230468102e+02
2.033556786300213040e-02 3.303940363854262046e+02
2.058555786277874514e-02 3.294045741534409899e+02
2.083862104941738153e-02 3.283548991591705999e+02
2.109479520233917965e-02 3.272447186584922179e+02
2.135411856539681796e-02 3.260738132192315106e+02
2.161662985258372069e-02 3.248430498027652220e+02
2.188236825381373318e-02 3.235510917908111423e+02
2.215137344077166767e-02 3.221998951975893988e+02
2.242368557283584002e-02 3.207888523017772968e+02
2.269934530307346487e-02 3.193182214591099068e+02
2.297839378430957882e-02 3.177890465246479721e+02
2.326087267527075092e-02 3.162005240230701588e+02
2.354682414680425023e-02 3.145549051061231580e+02
2.383629088817362796e-02 3.128511374056107570e+02
2.412931611343184166e-02 3.110914478087281054e+02
2.442594356787245596e-02 3.092751036266258211e+02
2.472621753456042543e-02 3.074044311791834616e+02
2.503018284094300772e-02 3.054799399003446183e+02
2.533788486554200067e-02 3.035019442139565058e+02
2.564936954472819136e-02 3.014725221285582393e+02
2.596468337957923839e-02 2.993916454227284021e+02
2.628387344282159463e-02 2.972621748186559785e+02
2.660698738585802470e-02 2.950841473395046251e+02
2.693407344588138672e-02 2.928602305766184486e+02
2.726518045307585458e-02 2.905907075929741268e+02
2.760035783790682276e-02 2.882781469455044316e+02
2.793965563850014239e-02 2.859235610024878724e+02
2.828312450811233322e-02 2.835292163308567979e+02
2.863081572269251737e-02 2.810970588909829644e+02
2.898278118853729601e-02 2.786284125501708218e+02
2.933907345003987019e-02 2.761261987108671292e+02
2.969974569753415505e-02 2.735919233828698793e+02
3.006485177523559107e-02 2.710283574982858568e+02
3.043444618927943282e-02 2.684371693332887503e+02
3.080858411585787188e-02 2.658211500405644756e+02
3.118732140945730882e-02 2.631820765022085311e+02
3.157071461119662081e-02 2.605225349681310263e+02
3.195882095726820804e-02 2.578462981877834181e+02
3.235169838748268301e-02 2.551541520343097602e+02
3.274940555391857300e-02 2.524502994705015624e+02
3.315200182967852072e-02 2.497354357033688359e+02
3.355954731775284000e-02 2.470147386597034540e+02
3.397210285999230361e-02 2.442893673025692749e+02
3.438973004619112067e-02 2.415621817475539501e+02
3.481249122328151924e-02 2.388363326974256609e+02
3.524044950464159248e-02 2.361148179001800429e+02
3.567366877951718557e-02 2.333992361580283728e+02
3.611221372255994655e-02 2.306936474267610322e+02
3.655614980348249887e-02 2.280004780362135079e+02
3.700554329683226201e-02 2.253225205917919993e+02
3.746046129188562723e-02 2.226616894372526758e+02
3.792097170266340439e-02 2.200225832260004495e+02
3.838714327806972554e-02 2.174053272105080339e+02
3.885904561215545311e-02 2.148144461381150165e+02
3.933674915450773718e-02 2.122517633213948045e+02
3.982032522076745656e-02 2.097194557276816909e+02
4.030984600327560535e-02 2.072201343860156726e+02
4.080538458185093559e-02 2.047567175578880949e+02
4.130701493469988994e-02 2.023303076461046146e+02
4.181481194946069790e-02 1.999430912922721291e+02
4.232885143438318981e-02 1.975973770692991422e+02
4.284921012964627851e-02 1.952950008100951607e+02
4.337596571881412177e-02 1.930371021750873979e+02
4.390919684043356058e-02 1.908251988896249998e+02
4.444898309977388801e-02 1.886608858838354479e+02
4.499540508071097483e-02 1.865451612734682669e+02
4.554854435775770177e-02 1.844788432158501621e+02
4.610848350824179459e-02 1.824622530638224589e+02
4.667530612463386547e-02 1.804972910570195666e+02
4.724909682702677083e-02 1.785828959619389877e+02
4.782994127576836035e-02 1.767191976233948765e+02
4.841792618424977518e-02 1.749065892598774781e+02
4.901313933185045407e-02 1.731450151272260598e+02
4.961566957704281050e-02 1.714331168440405406e+02
5.022560687065770468e-02 1.697700129130246296e+02
5.084304226931302129e-02 1.681548122702918704e+02
5.146806794900759402e-02 1.665862864461624042e+02
5.210077721888168450e-02 1.650616342376782484e+02
5.274126453514721424e-02 1.635809810522566181e+02
5.338962551518887378e-02 1.621397543035189699e+02
5.404595695183871812e-02 1.607369810797576406e+02
5.471035682782636467e-02 1.593695825741208978e+02
5.538292433040643142e-02 1.580340591447939289e+02
5.606375986616621981e-02 1.567273004426721172e+02
5.675296507601522433e-02 1.554461526209061617e+02
5.745064285035889756e-02 1.541868165356803502e+02
5.815689734445923104e-02 1.529444588312858002e+02
5.887183399398359523e-02 1.517153656995343169e+02
5.959555953074527346e-02 1.504955860456036305e+02
6.032818199863729247e-02 1.492803856961546956e+02
6.106981076976201323e-02 1.480645778152351966e+02
6.182055656075940986e-02 1.468436714231499991e+02
6.258053144933539702e-02 1.456130865451368948e+02
6.334984889099400107e-02 1.443678228304933384e+02
6.412862373597490173e-02 1.431030384226041576e+02
6.491697224639918218e-02 1.418140920307703823e+02
6.571501211362618111e-02 1.404963700579490080e+02
6.652286247582307743e-02 1.391453437622168110e+02
6.734064393575106555e-02 1.377568509551327622e+02
6.816847857876999484e-02 1.363271241545591295e+02
6.900648999106419323e-02 1.348526944304477411e+02
6.985480327809245882e-02 1.333304700428226113e+02
7.071354508326511967e-02 1.317576742311994451e+02
7.158284360685006342e-02 1.301322280665119706e+02
7.246282862511176093e-02 1.284526380051409546e+02
7.335363150968536583e-02 1.267178349087411107e+02
7.425538524718887368e-02 1.249278039014760395e+02
7.516822445907685168e-02 1.230830065456445794e+02
7.609228542173732124e-02 1.211844595355695731e+02
7.702770608683666420e-02 1.192344296436042868e+02
7.797462610191405186e-02 1.172355081435665767e+02
7.893318683122922674e-02 1.151909285429511982e+02
7.990353137686678764e-02 1.131053303144652205e+02
8.088580460009925366e-02 1.109835055540119697e+02
8.188015314301350100e-02 1.088308127580027644e+02
8.288672545040266793e-02 1.066539718427292485e+02
8.390567179192714997e-02 1.044596303997718252e+02
8.493714428454846033e-02 1.022548253443645905e+02
8.598129691523806462e-02 1.000477436505487105e+02
8.703828556396617233e-02 9.784624463884841816e+01
8.810826802697276083e-02 9.565833456549668767e+01
8.919140404032466218e-02 9.349271488916271267e+01
9.028785530376259860e-02 9.135751727746387019e+01
9.139778550484066455e-02 8.926075933088455372e+01
9.252136034336327919e-02 8.721054981164925834e+01
9.365874755612217661e-02 8.521428880970640307e+01
9.481011694193751393e-02 8.327894023601236029e+01
9.597564038700726052e-02 8.141101574075786118e+01
9.715549189056721380e-02 7.961628978973023152e+01
9.834984759086748407e-02 7.789947948784278253e+01
9.955888579146786321e-02 7.626460207581544637e+01
1.007827869878563237e-01 7.471480396965735338e+01
1.020217338943953528e-01 7.325174011556592291e+01
1.032759114715984666e-01 7.187662662219882748e+01
1.045455069537431780e-01 7.058918057333974616e+01
1.058307098768226928e-01 6.938794612646903204e+01
1.071317121068414563e-01 6.827089027455176051e+01
1.084487078684588934e-01 6.723380096701099262e+01
1.097818937739843265e-01 6.627214685682726270e+01
1.111314688527292871e-01 6.537993230542213041e+01
1.124976345807202904e-01 6.455017242948395051e+01
1.138805949107767890e-01 6.377529218059234495e+01
1.152805563029589558e-01 6.304613659320263963e+01
1.166977277553901959e-01 6.235344772217987241e+01
1.181323208354574800e-01 6.168684061155067866e+01
1.195845497113963846e-01 6.103582701441144565e+01
1.210546311842638639e-01 6.038965101512998501e+01
1.225427847203039433e-01 5.973756969852765053e+01
1.240492324837121074e-01 5.906925434854361612e+01
1.255741993698010206e-01 5.837482868109736955e+01
1.271179130385753919e-01 5.764539981821178571e+01
1.286806039487187747e-01 5.687327263751818407e+01
1.302625053919983233e-01 5.605211121618270909e+01
1.318638535280930724e-01 5.517741390253327438e+01
1.334848874198491242e-01 5.424638187495522601e+01
1.351258490689694058e-01 5.325856493979300410e+01
1.367869834521417138e-01 5.221533717592136981e+01
1.384685385576106820e-01 5.112041191078619562e+01
1.401707654222001942e-01 4.997931172132567923e+01
1.418939181687894069e-01 4.879958045190543459e+01
1.436382540442510125e-01 4.759033005644881342e+01
1.454040334578549920e-01 4.636198305056114322e+01
1.471915200201446006e-01 4.512602627365323116e+01
1.490009805822910816e-01 4.389431710499093953e+01
1.508326852759304115e-01 4.267893902931875516e+01
1.526869075534915965e-01 4.149156739285955808e+01
1.545639242290197390e-01 4.034360775416470091e+01
1.564640155195010651e-01 3.924513804617676271e+01
1.583874650866966827e-01 3.820469107271654963e+01
1.603345600794890968e-01 3.722884471182293709e+01
1.623055911767508908e-01 3.632240450186817071e+01
1.643008526307395967e-01 3.548797458051915044e+01
1.663206423110258625e-01 3.472599983362687226e+01
1.683652617489627690e-01 3.403464525164805110e+01
1.704350161827000165e-01 3.340968565912218935e+01
1.725302146027528905e-01 3.284506427907265902e+01
1.746511697981311673e-01 3.233275100104797417e+01
1.767981984030344011e-01 3.186290294723157857e+01
1.789716209441227224e-01 3.142476108505564625e+01
1.811717618883666447e-01 3.100742768196519350e+01
1.833989496914868456e-01 3.060099770763833504e+01
1.856535168469888308e-01 3.019389775831344025e+01
1.879357999358000353e-01 2.977184359572602901e+01
1.902461396765183776e-01 2.932485101575463560e+01
1.925848809762763791e-01 2.884531912686853516e+01
1.949523729822326412e-01 2.832754996995862129e+01
1.973489691336953178e-01 2.776921489050810976e+01
1.997750272148864914e-01 2.717097654947648877e+01
2.022309094083550307e-01 2.653682567577341089e+01
2.047169823490472274e-01 2.587382979211062306e+01
2.072336171790397363e-01 2.519087778573525327e+01
2.097811896029478096e-01 2.449808557439570578e+01
2.123600799440133469e-01 2.380643086098842431e+01
2.149706732008826171e-01 2.312669874753785848e+01
2.176133591050830873e-01 2.246848728986485000e+01
2.202885321792042994e-01 2.184034145623040146e+01
2.229965917957966726e-01 2.124922824903748264e+01
2.257379422369929223e-01 2.069987348043859754e+01
2.285129927548624207e-01 2.019533696418564972e+01
2.313221576325088791e-01 1.973615273120195113e+01
2.341658562459165704e-01 1.931984558363712168e+01
2.370445131265592476e-01 1.894278085997635941e+01
2.399585580247776961e-01 1.859815280461027953e+01
2.429084259739361096e-01 1.827721217347173166e+01
2.458945573553686648e-01 1.797050071531663917e+01
2.489173979641218781e-01 1.766862047686084125e+01
2.519773990755075910e-01 1.736255001467698733e+01
2.550750175124730790e-01 1.704490238261612234e+01
2.582107157137990550e-01 1.671100158548783554e+01
2.613849618031375277e-01 1.635812661679589652e+01
2.645982296588958449e-01 1.598578323124285383e+01
2.678509989849821582e-01 1.559615597460817149e+01
2.711437553824195268e-01 1.519329690536343591e+01
2.744769904218402057e-01 1.478365289267523330e+01
2.778512017168727199e-01 1.437467238808756420e+01
2.812668929984280530e-01 1.397419017145789688e+01
2.847245741899020466e-01 1.358969510447990636e+01
2.882247614833008953e-01 1.322696261649609895e+01
2.917679774163022821e-01 1.288927629308650502e+01
2.953547509502652546e-01 1.257777841830368359e+01
2.989856175491967250e-01 1.229091669164401779e+01
3.026611192596909139e-01 1.202515948719166161e+01
3.063818047918504539e-01 1.177605671709024371e+01
3.101482296012021966e-01 1.153830278575158630e+01
3.139609559716216025e-01 1.130626021202386866e+01
3.178205530992733729e-01 1.107444141764470658e+01
3.217275971775871990e-01 1.083820735843876015e+01
3.256826714832762315e-01 1.059470787133437852e+01
3.296863664634139823e-01 1.034317306700368455e+01
3.337392798235805369e-01 1.008518565759837315e+01
3.378420166170947314e-01 9.823968616431139722e+00
3.419951893353396777e-01 9.563492196151370806e+00
3.461994179992016751e-01 9.307804574142375387e+00
3.504553302516322799e-01 9.060528186292877706e+00
3.547635614513474644e-01 8.824631364874299777e+00
3.591247547676810759e-01 8.602040399896797140e+00
3.635395612766002538e-01 8.393215710475692148e+00
3.680086400579051231e-01 8.196764785611032167e+00
3.725326582936214215e-01 8.009891529064967486e+00
3.771122913676027144e-01 7.829041932511534796e+00
3.817482229663590743e-01 7.651027876149652407e+00
3.864411451811211040e-01 7.473596076613032935e+00
3.911917586111628431e-01 7.295472843854227563e+00
3.960007724683928254e-01 7.116193882831376882e+00
4.008689046832307756e-01 6.936169809514700191e+00
4.057968820117880959e-01 6.756795470526309799e+00
4.107854401443614689e-01 6.580242957378973578e+00
4.158353238152650566e-01 6.408651242379920454e+00
4.209472869140097884e-01 6.243411558808572792e+00
4.261220925978504437e-01 6.084945019861047300e+00
4.313605134057177382e-01 5.933076204155396383e+00
4.366633313735467925e-01 5.787325664641284284e+00
4.420313381510282413e-01 5.646796677252394758e+00
4.474653351197914741e-01 5.510011272880871225e+00
4.529661335130415467e-01 5.375353381560734611e+00
4.585345545366687481e-01 5.241816700590136158e+00
4.641714294918424799e-01 5.109281849849273804e+00
4.698775998991165381e-01 4.978147836307642571e+00
4.756539176240583422e-01 4.848931734287170947e+00
4.815012450044219294e-01 4.722372571445997202e+00
4.874204549788870855e-01 4.599525389031657419e+00
4.934124312173761018e-01 4.481171125692010371e+00
4.994780682529774696e-01 4.367238378209401972e+00
5.056182716154888901e-01 4.256965849378882005e+00
5.118339579666020267e-01 4.149611505813403767e+00
5.181260552367514816e-01 4.044652898643303018e+00
5.244955027636410971e-01 3.941530853719577898e+00
5.309432514324781138e-01 3.839843160442760084e+00
5.374702638179295056e-01 3.739817074010525655e+00
5.440775143278216985e-01 3.642065467451821359e+00
5.507659893486118730e-01 3.546938097851518368e+00
5.575366873926398403e-01 3.454395190579939268e+00
5.643906192471971339e-01 3.364536310972252586e+00
5.713288081254249695e-01 3.277390746055348192e+00
5.783522898190689432e-01 3.192565649122613980e+00
5.854621128531091179e-01 3.109617185795248151e+00
5.926593386422963627e-01 3.028504001343869323e+00
5.999450416496046046e-01 2.949216772244442897e+00
6.073203095466390700e-01 2.871575803749493172e+00
6.147862433760120648e-01 2.795700792805769552e+00
6.223439577157154901e-01 2.721924896622388346e+00
6.299945808455168494e-01 2.650181527373900892e+00
6.377392549153949597e-01 2.580270210204684833e+00
6.455791361160521102e-01 2.512248906819217975e+00
6.535153948515193267e-01 2.445960043888732116e+00
6.615492159138840478e-01 2.381126793798638008e+00
6.696817986601676376e-01 2.317845939511269826e+00
6.779143571913727184e-01 2.256199336536921951e+00
6.862481205337364054e-01 2.196010687162988972e+00
6.946843328222092051e-01 2.137394745457117384e+00
7.032242534861895544e-01 2.080407149552802704e+00
7.118691574375448639e-01 2.024816208134903039e+00
7.206203352609370505e-01 1.970639586233440266e+00
7.294790934064945276e-01 1.917878525527101585e+00
7.384467543848495241e-01 1.866348600546575476e+00
7.475246569645732642e-01 1.816153483349731035e+00
7.567141563720415354e-01 1.767298321160726493e+00
7.660166244937495206e-01 1.719681237940938745e+00
7.754334500811224107e-01 1.673274956447198702e+00
7.849660389578384523e-01 1.628053295668046463e+00
7.946158142297021776e-01 1.583990424024761534e+00
8.043842164971002351e-01 1.541060864921660833e+00
8.142727040700622476e-01 1.499239501680859510e+00
8.242827531859725498e-01 1.458501581705512917e+00
8.344158582299546767e-01 1.418822275798051757e+00
8.446735319579652401e-01 1.380175807455163772e+00
8.550573057226340534e-01 1.342536706489628751e+00
8.655687297018725967e-01 1.305880089144290102e+00
8.762093731303011168e-01 1.270181645783181379e+00
8.869808245335163432e-01 1.235417628807755852e+00
8.978846919652391234e-01 1.201564840795018352e+00
9.089226032473820549e-01 1.168600622854357063e+00
9.200962062130594310e-01 1.136502843199945323e+00
9.314071689525926789e-01 1.105249888469756137e+00
9.428571800625367150e-01 1.074820694443961555e+00
9.544479488977678505e-01 1.045194723431346340e+00
9.661812058266696646e-01 1.016351913462717915e+00
9.780587024894612513e-01 9.882726671434264309e-01
9.900822120596906029e-01 9.609378420320794367e-01
1.002253529508952745e+00 9.343287411838188117e-01
1.014574471874860384e+00 9.084271038564228906e-01
1.027046878532301699e+00 8.832150963774814123e-01
1.039672611468040797e+00 8.586753031708174166e-01
1.052453555558690690e+00 8.347907179403811773e-01
1.065391618852103539e+00 8.115447350098025092e-01
1.078488732852220133e+00 7.889211408157722483e-01
1.091746852807420787e+00 7.669041058234217223e-01
1.105167958002422512e+00 7.454781886278942782e-01
1.118754052053759773e+00 7.246283313029017181e-01
1.132507163208911871e+00 7.043398335091587414e-01
1.146429344649082083e+00 6.845983435167062314e-01
1.160522674795724019e+00 6.653898508042601634e-01
1.174789257620822758e+00 6.467006787879735485e-01
1.189231222960995149e+00 6.285174776782104233e-01
1.203850726835448137e+00 6.108272174629536533e-01
1.218649951767849071e+00 5.936171810164352358e-01
1.233631107112150405e+00 5.768749573315813395e-01
1.248796429382421191e+00 5.605884348748323420e-01
1.264148182586733338e+00 5.447457950619049027e-01
1.279688658565148351e+00 5.293355058530455626e-01
1.295420177331873646e+00 5.143463154663011627e-01
1.311345087421599054e+00 4.997672462073797228e-01
1.327465766240115030e+00 4.855875884145784971e-01
1.343784620419230080e+00 4.717968945143504178e-01
1.360304086176053362e+00 4.583849691998383991e-01
1.377026629676693759e+00 4.453418565842394705e-01
1.393954747404430039e+00 4.326578453693079029e-01
1.411090966532406732e+00 4.203234655489751503e-01
1.428437845300912334e+00 4.083294828830956180e-01
1.445997973399292702e+00 3.966668934828658788e-01
1.463773972352572450e+00 3.853269185061208857e-01
1.481768495912801686e+00 3.743009989607552490e-01
1.499984230455242429e+00 3.635807906144721269e-01
1.518423895379410249e+00 3.531581590091410483e-01
1.537090243515048860e+00 3.430251745780183992e-01
1.555986061533097375e+00 3.331741078641189957e-01
1.575114170361706645e+00 3.235974248380356078e-01
1.594477425607372378e+00 3.142877823135207804e-01
1.614078717981243472e+00 3.052380234591628994e-01
1.633920973730669690e+00 2.964411734045063751e-01
1.654007155076069102e+00 2.878904349389690975e-01
1.674340260653133683e+00 2.795791843019647116e-01
1.694923325960504989e+00 2.715009670132742525e-01
1.715759423812935225e+00 2.636494914043336357e-01
1.736851664800022954e+00 2.560186239010034948e-01
1.758203197750589419e+00 2.486023888291239159e-01
1.779817210202761402e+00 2.413949648954013538e-01
1.801696928879833903e+00 2.343906814435336439e-01
1.823845620171983706e+00 2.275840147933318736e-01
1.846266590623899306e+00 2.209695846612452219e-01
1.868963187428425599e+00 2.145421506607089190e-01
1.891938798926237730e+00 2.082966088807810812e-01
1.915196855111697793e+00 2.022279885415182998e-01
1.938740828144908335e+00 1.963314487246056728e-01
1.962574232870067048e+00 1.906022751777476654e-01
1.986700627340191705e+00 1.850358771913674927e-01
2.011123613348296590e+00 1.796277845461730083e-01
2.035846836965100159e+00 1.743736445301792282e-01
2.060873989083339186e+00 1.692692190237924110e-01
2.086208805968778446e+00 1.643103816515869009e-01
2.111855069817985875e+00 1.594931149994272546e-01
2.137816609322990669e+00 1.548135078883025595e-01
2.164097300242836308e+00 1.502677525705996553e-01
2.190701065982201712e+00 1.458521421619959901e-01
2.217631878177119820e+00 1.415630682643005955e-01
2.244893757287893976e+00 1.373970184939254102e-01
2.272490773199308922e+00 1.333505740615130997e-01
2.300427045828215000e+00 1.294204074082076217e-01
2.328706745738587269e+00 1.256032798973783504e-01
2.357334094764140797e+00 1.218960395606342728e-01
2.386313366638597167e+00 1.182956188969820632e-01
2.415648887633723430e+00 1.147990327239985370e-01
2.445345037205166161e+00 1.114033760799220535e-01
2.475406248646272012e+00 1.081058221755634291e-01
2.505837009749923627e+00 1.049036203949797047e-01
2.536641863478514836e+00 1.017940943438585127e-01
2.567825408642162355e+00 9.877463994458600405e-02
2.599392300585256166e+00 9.584272357698718492e-02
2.631347251881448024e+00 9.299588026374859540e-02
2.663695033037185578e+00 9.023171189954848348e-02
2.696440473203886246e+00 8.754788540750760295e-02
2.729588460898899172e+00 8.494212986912187680e-02
2.763143944735269031e+00 8.241223552030697841e-02
2.797111934160529501e+00 7.995605304554179171e-02
2.831497500204551709e+00 7.757149200795551702e-02
2.866305776236589775e+00 7.525651930339263829e-02
2.901541958731633564e+00 7.300915765289402171e-02
2.937211308046183689e+00 7.082748413270795185e-02
2.973319149203560219e+00 6.870962874096446515e-02
3.009870872688869881e+00 6.665377300016296636e-02
3.046871935253735231e+00 6.465814859464215358e-02
3.084327860730950110e+00 6.272103604221626605e-02
3.122244240859088027e+00 6.084076339918401133e-02
3.160626736117308599e+00 5.901570499792459928e-02
3.199481076570394933e+00 5.724428021632055330e-02
3.238813062724188008e+00 5.552495227825773871e-02
3.278628566391533550e+00 5.385622708447083962e-02
3.318933531568877715e+00 5.223665207301778080e-02
3.359733975323636823e+00 5.066481510868191263e-02
3.401035988692475254e+00 4.913934342966535390e-02
3.442845737590629174e+00 4.765890275625311173e-02
3.485169463732398221e+00 4.622219612433486197e-02
3.528013485562988993e+00 4.482796279556135882e-02
3.571384199201746323e+00 4.347497728366022524e-02
3.615288079397047216e+00 4.216204840594865028e-02
3.659731680492897432e+00 4.088801835912851679e-02
3.704721637407423884e+00 3.965176181878134892e-02
3.750264666623386756e+00 3.845218506199480496e-02
3.796367567190876535e+00 3.728822511256401490e-02
3.843037221742331866e+00 3.615884890822426007e-02
3.890280597520039851e+00 3.506305248938224040e-02
3.938104747416253382e+00 3.399986020882605348e-02
3.986516811026142637e+00 3.296832396190353676e-02
4.035524015713603418e+00 3.196752243667441706e-02
4.085133677690253151e+00 3.099656038354533377e-02
4.135353203107650089e+00 3.005456790391534613e-02
4.186190089162942662e+00 2.914069975736532925e-02
4.237651925218117732e+00 2.825413468693670216e-02
4.289746393933006274e+00 2.739407459626399741e-02
4.342481272412211268e+00 2.655974339965248843e-02
4.395864433366144297e+00 2.575038699575557880e-02
4.449903846286320963e+00 2.496527285797596474e-02
4.504607578635147824e+00 2.420368943473604970e-02
4.559983797050250587e+00 2.346494556584684948e-02
4.616040768563690833e+00 2.274836991456246488e-02
4.672786861836137895e+00 2.205331041491806476e-02
4.730230548406202828e+00 2.137913373395655334e-02
4.788380403955150300e+00 2.072522474845943374e-02
4.847245109587146494e+00 2.009098603580675158e-02
4.906833453125244660e+00 1.947583737860050443e-02
4.967154330423311670e+00 1.887921528269417143e-02
5.028216746694061712e+00 1.830057250828085250e-02
5.090029817853475080e+00 1.773937761369933155e-02
5.152602771881634069e+00 1.719511451162888949e-02
5.215944950200401387e+00 1.666728203734747088e-02
5.280065809067970406e+00 1.615539352873999329e-02
5.344974920990579470e+00 1.565897641787410491e-02
5.410681976151574979e+00 1.517757191567429761e-02
5.477196783858045315e+00 1.471073475118585099e-02
5.544529274005236985e+00 1.425803258719745767e-02
5.612689498558975032e+00 1.381904561702369631e-02
5.681687633056291986e+00 1.339336621174664309e-02
5.751533978124565571e+00 1.298059857703495225e-02
5.822238961019214898e+00 1.258035841929305496e-02
5.893813137180416994e+00 1.219227262089701488e-02
5.966267191808897863e+00 1.181597892428140444e-02
6.039611941461113354e+00 1.145112562464662212e-02
6.113858335664033916e+00 1.109737127106138165e-02
6.189017458549784578e+00 1.075438437574129276e-02
6.265100530510378185e+00 1.042184313128948110e-02
6.342118909872789700e+00 1.009943513569050953e-02
6.420084094594624702e+00 9.786857124854102252e-03
6.499007723980617435e+00 9.483814712510290484e-03
6.578901580420300377e+00 9.190022137262046295e-03
6.659777591146899489e+00 8.905202016607492374e-03
6.741647830017982734e+00 8.629085106792147922e-03
6.824524519317940019e+00 8.361409988656932565e-03
6.908420031582623189e+00 8.101922792166078510e-03
6.993346891446428515e+00 7.850377121411183587e-03
7.079317777512080134e+00 7.606533854638813236e-03
7.166345524243395992e+00 7.370160934273690262e-03
7.254443123881327615e+00 7.141033162843856211e-03
7.343623728383537497e+00 6.918932004647307746e-03
7.433900651387896019e+00 6.703645393003297703e-03
7.525287370199960968e+00 6.494967542936554150e-03
7.617797527805047153e+00 6.292698769145254646e-03
7.711444934904950088e+00 6.096645309108872542e-03
7.806243571979728735e+00 5.906619151194987191e-03
7.902207591374823537e+00 5.722437867628129421e-03
7.999351319413846362e+00 5.543924452187314056e-03
8.097689258537327461e+00 5.370907162502402445e-03
8.197236089467772047e+00 5.203219366822996704e-03
8.298006673401296496e+00 5.040699395136646541e-03
8.400016054226313145e+00 4.883190394516690076e-03
8.503279460769295639e+00 4.730540188633558518e-03
8.607812309068343382e+00 4.582601142691333958e-03
8.713630204674601032e+00 4.439230030801754115e-03
8.820748944981986028e+00 4.300287905260033461e-03
8.929184521585552758e+00 4.165639971274463262e-03
9.038953122668866413e+00 4.035155465379378602e-03
9.150071135420699164e+00 3.908707537322027130e-03
9.262555148481455447e+00 3.786173135326972600e-03
9.376421954419646099e+00 3.667432894644188576e-03
9.491688552238899845e+00 3.552371029289436242e-03
9.608372149915606286e+00 3.440875226888440250e-03
9.726490166967941775e+00 3.332836546537861887e-03
9.846060237056390108e+00 3.228149319599373911e-03
9.967100210616237632e+00 3.126711053344761668e-03
1.008962815752244246e+01 3.028422337372423633e-03
1.021366236978725794e+01 2.933186752717799502e-03
1.033922136429101890e+01 2.840910783582265790e-03
1.046632388554649751e+01 2.751503731607128373e-03
1.059498890849724972e+01 2.664877632621347192e-03
1.072523564135032537e+01 2.580947175285835428e-03
1.085708352844392266e+01 2.499629615557398630e-03
1.099055225315007966e+01 2.420844703213744734e-03
1.112566174081324988e+01 2.344514614103331354e-03
1.126243216172491834e+01 2.270563878295772664e-03
1.140088393413478407e+01 2.198919310153165437e-03
1.154103772729897415e+01 2.129509940434723067e-03
1.168291446456572658e+01 2.062266950377015465e-03
1.182653532649900363e+01 1.997123607693777197e-03
1.197192175404050296e+01 1.934015204440787299e-03
1.211909545171052649e+01 1.872878996692727612e-03
1.226807839084830931e+01 1.813654145980500088e-03
1.241889281289193825e+01 1.756281662438976448e-03
1.257156123269884418e+01 1.700704349616225875e-03
1.272610644190698892e+01 1.646866750896979880e-03
1.288255151233738616e+01 1.594715097494234278e-03
1.304091979943846802e+01 1.544197257964120308e-03
1.320123494577277867e+01 1.495262689200562095e-03
1.336352088454653675e+01 1.447862388867297368e-03
1.352780184318259415e+01 1.401948847196672924e-03
1.369410234693727269e+01 1.357475987162026733e-03
1.386244722256182804e+01 1.314399131748680491e-03
1.403286160200861588e+01 1.272674971282663787e-03
1.420537092618312691e+01 1.232261522269527225e-03
1.438000094874198531e+01 1.193118087374895470e-03
1.455677773993767588e+01 1.155205216593026144e-03
1.473572769051053477e+01 1.118484669568761648e-03
1.491687751562858111e+01 1.082919379039219612e-03
1.510025425887578088e+01 1.048473415362581422e-03
1.528588529628935255e+01 1.015111952102214308e-03
1.547379834044665259e+01 9.828012326353217573e-04
1.566402144460247570e+01 9.515085377561175199e-04
1.585658300687688893e+01 9.212021542445253354e-04
1.605151177449488031e+01 8.918513443720453484e-04
1.624883684807794637e+01 8.634263163174159825e-04
1.644858768598848187e+01 8.358981954653567489e-04
1.665079410872758103e+01 8.092389965625462365e-04
1.685548630338689335e+01 7.834215967056441712e-04
1.706269482815519822e+01 7.584197137842871870e-04
1.727245061688040551e+01 7.342079000645368577e-04
1.748478498368761080e+01 7.107614981056741867e-04
1.769972962765390889e+01 6.880566082566842104e-04
1.791731663754083570e+01 6.660700657959413382e-04
1.813757849658464494e+01 6.447794187508319166e-04
1.836054808734581201e+01 6.241629063716076960e-04
1.858625869661799612e+01 6.041994382407652169e-04
1.881474402039737726e+01 5.848685739996889238e-04
1.904603816891307488e+01 5.661505036748173134e-04
1.928017567171940527e+01 5.480260285860867999e-04
1.951719148285076244e+01 5.304765428208877342e-04
1.975712098603984401e+01 5.134840152572282389e-04
2.000000000000000355e+01 4.970309721202634951e-04
