1.000000000000000048e-04 7.508293673767582277e+01
1.012293239188635498e-04 7.597404123363163819e+01
1.024737602107019988e-04 7.687571198943811623e+01
1.037334946555309366e-04 7.778807395992993179e+01
1.050087153172044171e-04 7.871125352679199239e+01
1.062996125714901486e-04 7.964537854470879097e+01
1.076063791344907558e-04 8.059057837128915480e+01
1.089292100914140602e-04 8.154698388459638636e+01
1.102683029256968240e-04 8.251472750087920360e+01
1.116238575484873244e-04 8.349394319250795604e+01
1.129960763284890618e-04 8.448476650611647187e+01
1.143851641221724870e-04 8.548733458095396998e+01
1.157913283043576883e-04 8.650178616744888416e+01
1.172147787991728628e-04 8.752826164397728803e+01
1.186557281113940885e-04 8.856690299641388719e+01
1.201143913581691609e-04 8.961785383771004376e+01
1.215909863011325153e-04 9.068125946293255879e+01
1.230857333789144459e-04 9.175726687024165074e+01
1.245988557400499086e-04 9.284602478065363584e+01
1.261305792762926377e-04 9.394768365803044219e+01
1.276811326563372627e-04 9.506239572929688109e+01
1.292507473599575278e-04 9.619031500489064967e+01
1.308396577125633660e-04 9.733159729943083960e+01
1.324481009201831157e-04 9.848640022936919536e+01
1.340763171048753256e-04 9.965488318470143270e+01
1.357245493405768967e-04 1.008372074048392335e+02
1.373930436893903799e-04 1.020335360131911528e+02
1.390820492383186980e-04 1.032440340389011766e+02
1.407918181364507858e-04 1.044688684388305262e+02
1.425226056326050355e-04 1.057082081197905268e+02
1.442746701134342330e-04 1.069622239610255150e+02
1.460482731420001694e-04 1.082310888351275224e+02
1.478436794968219419e-04 1.095149775732520823e+02
1.496611572114043382e-04 1.108140669733534196e+02
1.515009776142519444e-04 1.121285358876916405e+02
1.533634153693760763e-04 1.134585652504662789e+02
1.552487485172978688e-04 1.148043381016749862e+02
1.571572585165573362e-04 1.161660396112359450e+02
1.590892302857315995e-04 1.175438571033828339e+02
1.610449522459698459e-04 1.189379800796528315e+02
1.630247163640519299e-04 1.203486001780623553e+02
1.650288181959746830e-04 1.217759111731558477e+02
1.670575569310756351e-04 1.232201090803975205e+02
1.691112354366984582e-04 1.246813921875711486e+02
1.711901603034072595e-04 1.261599610806204765e+02
1.732946418907579109e-04 1.276560186697774242e+02
1.754249943736299383e-04 1.291697702159779055e+02
1.775815357891300016e-04 1.307014233352004737e+02
1.797645880840710055e-04 1.322511879110240329e+02
1.819744771630348360e-04 1.338192762002374536e+02
1.842115329370269357e-04 1.354059029086981809e+02
1.864760893727270008e-04 1.370112852190224828e+02
1.887684845423473186e-04 1.386356428184972174e+02
1.910890606741026232e-04 1.402791979272946321e+02
1.934381642033010623e-04 1.419421753099748855e+02
1.958161458240625930e-04 1.436248021715182688e+02
1.982233605416745077e-04 1.453273082511391294e+02
2.006601677255884567e-04 1.470499259244781172e+02
2.031269311630708369e-04 1.487928902336456076e+02
2.056240191135117531e-04 1.505564389169740025e+02
2.081518043634027139e-04 1.523408124390913372e+02
2.107106642819880796e-04 1.541462539741610840e+02
2.133009808776028355e-04 1.559730092793293750e+02
2.159231408547017893e-04 1.578213268641255240e+02
2.185775356715900569e-04 1.596914580731082651e+02
2.212645615988632127e-04 1.615836571171487606e+02
2.239846197785666190e-04 1.634981811050374461e+02
2.267381162840801127e-04 1.654352900684760925e+02
2.295254621807409534e-04 1.673952468351430696e+02
2.323470735872106691e-04 1.693783170491406054e+02
2.352033717375977533e-04 1.713847693581068370e+02
2.380947830443416085e-04 1.734148754533366912e+02
2.410217391618719638e-04 1.754689101029232745e+02
2.439846770510497871e-04 1.775471511842026473e+02
2.469840390444003140e-04 1.796498795854069783e+02
2.500202729121481704e-04 1.817773791016366829e+02
2.530938319290651582e-04 1.839299366903935606e+02
2.562051749421374544e-04 1.861078425357023605e+02
2.593547664390673203e-04 1.883113900827213740e+02
2.625430766176154742e-04 1.905408760721215629e+02
2.657705814557958092e-04 1.927966004393144317e+02
2.690377627829346543e-04 1.950788661649775406e+02
2.723451083516006499e-04 1.973879795669673172e+02
2.756931119104217166e-04 1.997242503782126448e+02
2.790822732777957873e-04 2.020879917827313363e+02
2.825130984165076064e-04 2.044795204493424592e+02
2.859860995092642819e-04 2.068991563651466663e+02
2.895017950351565835e-04 2.093472227165361517e+02
2.930607098470630633e-04 2.118240462273282105e+02
2.966633752500043167e-04 2.143299572285355907e+02
3.003103290804602318e-04 2.168652896956523364e+02
3.040021157866642132e-04 2.194303812682213675e+02
3.077392865098809403e-04 2.220255729571161396e+02
3.115223991666869036e-04 2.246512091988026896e+02
3.153520185322606045e-04 2.273076381827945056e+02
3.192287163246966758e-04 2.299952119004964288e+02
3.231530712903569330e-04 2.327142861836078396e+02
3.271256692902714753e-04 2.354652206483623900e+02
3.311471033875992690e-04 2.382483782914094661e+02
3.352179739361668079e-04 2.410641258501657376e+02
3.393388886700935770e-04 2.439128340196486704e+02
3.435104627945207464e-04 2.467948774916174273e+02
3.477333190774526913e-04 2.497106349886581995e+02
3.520080879427299296e-04 2.526604889677836923e+02
3.563354075641441592e-04 2.556448254351122387e+02
3.607159239607100843e-04 2.586640344600232311e+02
3.651502910931083974e-04 2.617185102618987571e+02
3.696391709613158533e-04 2.648086512497018248e+02
3.741832337034322492e-04 2.679348599616385513e+02
3.787831576957256135e-04 2.710975424995273784e+02
3.834396296539054169e-04 2.742971089374050848e+02
3.881533447356427238e-04 2.775339736459184223e+02
3.929250066443468799e-04 2.808085553329100321e+02
3.977553277342219928e-04 2.841212770729512727e+02
4.026450291166129070e-04 2.874725658611312724e+02
4.075948407676585660e-04 2.908628524151042711e+02
4.126055016372687494e-04 2.942925718379570412e+02
4.176777597594426208e-04 2.977621637094644029e+02
4.228123723639388943e-04 3.012720721254854652e+02
4.280101059893232107e-04 3.048227455324756079e+02
4.332717365974027486e-04 3.084146359898001037e+02
4.385980496890701371e-04 3.120481998484630140e+02
4.439898404215669139e-04 3.157238980644619346e+02
4.494479137271933087e-04 3.194421962373498332e+02
4.549730844334749238e-04 3.232035646037442689e+02
4.605661773848069109e-04 3.270084772712041854e+02
4.662280275655938597e-04 3.308574123082573237e+02
4.719594802249029602e-04 3.347508524776594072e+02
4.777613910026518008e-04 3.386892852986129583e+02
4.836346260573426165e-04 3.426732030827746485e+02
4.895800621953713423e-04 3.467031024876816900e+02
4.955985870019261053e-04 3.507794837858592132e+02
5.016910989734905003e-04 3.549028518826086724e+02
5.078585076519810280e-04 3.590737165344052642e+02
5.141017337605302984e-04 3.632925923840940072e+02
5.204217093409407727e-04 3.675599988340676987e+02
5.268193778928274753e-04 3.718764589035085351e+02
5.332956945144715771e-04 3.762424998778971599e+02
5.398516260454075096e-04 3.806586539627376169e+02
5.464881512107574871e-04 3.851254583202289723e+02
5.532062607673465067e-04 3.896434550805930712e+02
5.600069576516096418e-04 3.942131904402762075e+02
5.668912571293209047e-04 3.988352142717376410e+02
5.738601869471579879e-04 4.035100813256136689e+02
5.809147874861344358e-04 4.082383513536796045e+02
5.880561119169169185e-04 4.130205891377110561e+02
5.952852263570505929e-04 4.178573641137576828e+02
6.026032100301182467e-04 4.227492490123099742e+02
6.100111554268579459e-04 4.276968210908436276e+02
6.175101684682563147e-04 4.327006626226153116e+02
6.251013686706511675e-04 4.377613609211515495e+02
6.327858893128622498e-04 4.428795082818709830e+02
6.405648776053787102e-04 4.480557005891694757e+02
6.484394948616206515e-04 4.532905374592864405e+02
6.564109166713124905e-04 4.585846234635857286e+02
6.644803330759844985e-04 4.639385681892054549e+02
6.726489487466316870e-04 4.693529862568554449e+02
6.809179831635575782e-04 4.748284966083412542e+02
6.892886707984305058e-04 4.803657211825450304e+02
6.977622612985722892e-04 4.859652865244372606e+02
7.063400196735187446e-04 4.916278241344816706e+02
7.150232264838701389e-04 4.973539704811906859e+02
7.238131780324662820e-04 5.031443668338716293e+02
7.327111865579057732e-04 5.089996574665188405e+02
7.417185804304510331e-04 5.149204903233577397e+02
7.508367043503377716e-04 5.209075181824540550e+02
7.600669195485232604e-04 5.269613986783577957e+02
7.694106039899026826e-04 5.330827942993076931e+02
7.788691525790222923e-04 5.392723713535112893e+02
7.884439773683260284e-04 5.455307988332475588e+02
7.981365077689539077e-04 5.518587501917078271e+02
8.079481907641391418e-04 5.582569035887131577e+02
8.178804911252280469e-04 5.647259418870524996e+02
8.279348916303490942e-04 5.712665523468250512e+02
8.381128932857780447e-04 5.778794245547944683e+02
8.484160155500194457e-04 5.845652515532015059e+02
8.588457965606449262e-04 5.913247308796202333e+02
8.694037933639190861e-04 5.981585645598444216e+02
8.800915821472478882e-04 6.050674590687780210e+02
8.909107584744886937e-04 6.120521239440670342e+02
9.018629375241442748e-04 6.191132709811636232e+02
9.129497543304940406e-04 6.262516160590529353e+02
9.241728640276838328e-04 6.334678792856966538e+02
9.355339420968224315e-04 6.407627849735629297e+02
9.470346846161058034e-04 6.481370610717019645e+02
9.586768085140255809e-04 6.555914368858401531e+02
9.704620518256861644e-04 6.631266448095572059e+02
9.823921739522732764e-04 6.707434211322981810e+02
9.944689559237113695e-04 6.784425060034221815e+02
1.006694200664554019e-03 6.862246433076635412e+02
1.019069733263135592e-03 6.940905789494117926e+02
1.031597401244037327e-03 7.020410608462383379e+02
1.044279074843905116e-03 7.100768403910830102e+02
1.057116647290648253e-03 7.181986724637580437e+02
1.070112035086080542e-03 7.264073153737575694e+02
1.083267178292031266e-03 7.347035287811637545e+02
1.096584040819973543e-03 7.430880707457896506e+02
1.110064610724213838e-03 7.515617015855485761e+02
1.123710900498686239e-03 7.601251844824157615e+02
1.137524947377392464e-03 7.687792854146878199e+02
1.151508813638542697e-03 7.775247738203360086e+02
1.165664586912421941e-03 7.863624259732713426e+02
1.179994380493058466e-03 7.952930224094191090e+02
1.194500333653705391e-03 8.043173464665361507e+02
1.209184611966215199e-03 8.134361842127851787e+02
1.224049407624333433e-03 8.226503217144720566e+02
1.239096939770966853e-03 8.319605161938104629e+02
1.254329454829477674e-03 8.413675053995043527e+02
1.269749226839047250e-03 8.508720266625578006e+02
1.285358557794163406e-03 8.604748170815927324e+02
1.301159777988286506e-03 8.701766141168609465e+02
1.317155246361728519e-03 8.799781700359610568e+02
1.333347350853817921e-03 8.898802516001563845e+02
1.349738508759397307e-03 8.998836266803833723e+02
1.366331167089688799e-03 9.099890635972559494e+02
1.383127802937609901e-03 9.201973316927552560e+02
1.400130923847573827e-03 9.305092184354249412e+02
1.417343068189837402e-03 9.409255312715463333e+02
1.434766805539449460e-03 9.514470802023406577e+02
1.452404737059858914e-03 9.620746768093654282e+02
1.470259495891243018e-03 9.728091322386576394e+02
1.488333747543596789e-03 9.836512212213301609e+02
1.506630190294666865e-03 9.946016834025463140e+02
1.525151555592778796e-03 1.005661254992064642e+03
1.543900608464600279e-03 1.016830669788973978e+03
1.562880147927935524e-03 1.028110659317519776e+03
1.582093007409583708e-03 1.039501955661071634e+03
1.601542055168337416e-03 1.051005290025757859e+03
1.621230194723180702e-03 1.062621390695248010e+03
1.641160365286750732e-03 1.074350982807924765e+03
1.661335542204127628e-03 1.086194784899800652e+03
1.681758737397024295e-03 1.098153498460937953e+03
1.702432999813421974e-03 1.110227817060906773e+03
1.723361415882754526e-03 1.122418429389630774e+03
1.744547109976666817e-03 1.134726018869050904e+03
1.765993244875452804e-03 1.147151257893508955e+03
1.787703022240221245e-03 1.159694805701966516e+03
1.809679683090866876e-03 1.172357314621270916e+03
1.831926508289917098e-03 1.185139430257953791e+03
1.854446819032326815e-03 1.198041789178825638e+03
1.877243977341293626e-03 1.211065010843038408e+03
1.900321386570175564e-03 1.224209703751868801e+03
1.923682491910560155e-03 1.237476467928203647e+03
1.947330780906607111e-03 1.250865893983970409e+03
1.971269783975684604e-03 1.264378554309468200e+03
1.995503074935427255e-03 1.278015004618696366e+03
2.020034271537266175e-03 1.291775790029233121e+03
2.044867036006514736e-03 1.305661444775043492e+03
2.070005075589098978e-03 1.319672487715324223e+03
2.095452143105005528e-03 1.333809420581752420e+03
2.121212037508531795e-03 1.348072732526273967e+03
2.147288604455437327e-03 1.362462899983158650e+03
2.173685736877039275e-03 1.376980378613118774e+03
2.200407375561392025e-03 1.391625598047621907e+03
2.227457509741605658e-03 1.406398972266309556e+03
2.254840177691381717e-03 1.421300900284443060e+03
2.282559467327887302e-03 1.436331767300696356e+03
2.310619516822033388e-03 1.451491944987027182e+03
2.339024515216256254e-03 1.466781789139028206e+03
2.367778703049891811e-03 1.482201638091966743e+03
2.396886372992239073e-03 1.497751794035596504e+03
2.426351870483413418e-03 1.513432523840938529e+03
2.456179594383059439e-03 1.529244074521278890e+03
2.486373997627053505e-03 1.545186673464046407e+03
2.516939587892286657e-03 1.561260528589090427e+03
2.547880928269592032e-03 1.577465827497680948e+03
2.579202637944972946e-03 1.593802736688952109e+03
2.610909392889190165e-03 1.610271395245522854e+03
2.643005926555831980e-03 1.626871908191262037e+03
2.675497030587964224e-03 1.643604355949118826e+03
2.708387555533466051e-03 1.660468793179366685e+03
2.741682411569159889e-03 1.677465232908082271e+03
2.775386569233854843e-03 1.694593653860272070e+03
2.809505060170369890e-03 1.711854008286336011e+03
2.844042977876726393e-03 1.729246219927706079e+03
2.879005478466524232e-03 1.746770182833860872e+03
2.914397781438704971e-03 1.764425762800238545e+03
2.950225170456759714e-03 1.782212787923939004e+03
2.986492994137517412e-03 1.800131030452837877e+03
3.023206666849634176e-03 1.818180226793006113e+03
3.060371669521894187e-03 1.836360081823524979e+03
3.097993550461447532e-03 1.854670269549652403e+03
3.136077926182120282e-03 1.873110431555917557e+03
3.174630482242874006e-03 1.891680171476491068e+03
3.213656974096618969e-03 1.910379030904382262e+03
3.253163227949415308e-03 1.929206505027976846e+03
3.293155141630270746e-03 1.948162052381887861e+03
3.333638685471616847e-03 1.967245095072312779e+03
3.374619903200607764e-03 1.986455017640660799e+03
3.416104912841382880e-03 2.005791158821963108e+03
3.458099907628414769e-03 2.025252786101533275e+03
3.500611156931085575e-03 2.044839117167333370e+03
3.543645007189645795e-03 2.064549334229765918e+03
3.587207882862641743e-03 2.084382593764783451e+03
3.631306287386027246e-03 2.104338011375371934e+03
3.675946804144059749e-03 2.124414620752267183e+03
3.721136097452103133e-03 2.144611362281899346e+03
3.766880913551547572e-03 2.164927129950539893e+03
3.813188081616942279e-03 2.185360803054042663e+03
3.860064514775513739e-03 2.205911230348661775e+03
3.907517211139212993e-03 2.226577186641921344e+03
3.955553254849453713e-03 2.247357332351790774e+03
4.004179817134703723e-03 2.268250270007411018e+03
4.053404157381047465e-03 2.289254594754342634e+03
4.103233624215938020e-03 2.310368880626042937e+03
4.153675656605276129e-03 2.331591596864976509e+03
4.204737784963937658e-03 2.352921036145053677e+03
4.256427632279992379e-03 2.374355436455140534e+03
4.308752915252728535e-03 2.395893126413709979e+03
4.361721445444660152e-03 2.417532441574438053e+03
4.415341130447712238e-03 2.439271534156031066e+03
4.469619975063727005e-03 2.461108358992105877e+03
4.524566082499483638e-03 2.483040821842436344e+03
4.580187655576437207e-03 2.505066810967185575e+03
4.636492997955269507e-03 2.527184175345246786e+03
4.693490515375567558e-03 2.549390770726128721e+03
4.751188716910671392e-03 2.571684382334383372e+03
4.809596216237999912e-03 2.594062538481431602e+03
4.868721732924970180e-03 2.616522633188539203e+03
4.928574093730725240e-03 2.639062143819133325e+03
4.989162233923869101e-03 2.661678560846098662e+03
5.050495198616402302e-03 2.684369193346538850e+03
5.112582144114043679e-03 2.707131198149723787e+03
5.175432339283184656e-03 2.729961609422599395e+03
5.239055166934587088e-03 2.752857367597903249e+03
5.303460125224170735e-03 2.775815516282675617e+03
5.368656829070942403e-03 2.798833105482167866e+03
5.434655011592412835e-03 2.821906719207062451e+03
5.501464525557634919e-03 2.845032732019894866e+03
5.569095344858107817e-03 2.868208014541252851e+03
5.637557565996765586e-03 2.891429419432504801e+03
5.706861409595265396e-03 2.914692975213306909e+03
5.777017221919807793e-03 2.937994751551107129e+03
5.848035476425734493e-03 2.961331477687323968e+03
5.919926775321061527e-03 2.984699220935311132e+03
5.992701851149285185e-03 3.008093171385175083e+03
6.066371568391642002e-03 3.031509591522311894e+03
6.140946925089018835e-03 3.054945081360833228e+03
6.216439054483853879e-03 3.078394498018159084e+03
6.292859226682198659e-03 3.101853062309426605e+03
6.370218850336215044e-03 3.125317418477196497e+03
6.448529474347352783e-03 3.148782962607765057e+03
6.527802789590464276e-03 3.172244257555605145e+03
6.608050630659141958e-03 3.195696304967801552e+03
6.689284977632448288e-03 3.219134405241291461e+03
6.771517957863423462e-03 3.242553944575256537e+03
6.854761847789579005e-03 3.265949580421044175e+03
6.939029074765589757e-03 3.289315669738533416e+03
7.024332218918578896e-03 3.312646678563162823e+03
7.110684015026184218e-03 3.335938009624917413e+03
7.198097354417707511e-03 3.359183404917826465e+03
7.286585286898648872e-03 3.382374955267282530e+03
7.376161022698879237e-03 3.405509383579594669e+03
7.466837934444806729e-03 3.428605614331463130e+03
7.558629559155713787e-03 3.451670676139011448e+03
7.651549600264697867e-03 3.474640715332760919e+03
7.745611929664460334e-03 3.497494377703835198e+03
7.840830589778174237e-03 3.520238248185910834e+03
7.937219795655887228e-03 3.542879747627158849e+03
8.034793937096657360e-03 3.565421562832942072e+03
8.133567580796785199e-03 3.587858941939444321e+03
8.233555472524451899e-03 3.610184280409824623e+03
8.334772539321093701e-03 3.632389272719052769e+03
8.437233891729829446e-03 3.654464060827956473e+03
8.540954826051326207e-03 3.676401891701096702e+03
8.645950826627297331e-03 3.698196091380119469e+03
8.752237568152207089e-03 3.719837646591648536e+03
8.859830918013265194e-03 3.741318575602629153e+03
8.968746938659269766e-03 3.762632885494161656e+03
9.079001889998550290e-03 3.783768815410298885e+03
9.190612231826376585e-03 3.804721861985713986e+03
9.303594626282217159e-03 3.825480694555294576e+03
9.417965940337209504e-03 3.846037693744826811e+03
9.533743248312187557e-03 3.866386149556240071e+03
9.650943834426727735e-03 3.886518680309774481e+03
9.769585195379421744e-03 3.906424375562475234e+03
9.889685042959964201e-03 3.926091978338731678e+03
1.001126130669334133e-02 3.945518613174593611e+03
1.013433213651645376e-02 3.964684142621999854e+03
1.025891590548772686e-02 3.983589415481902051e+03
1.038503121252998436e-02 4.002227269735793925e+03
1.051269688520706062e-02 4.020576707376840204e+03
1.064193198253452453e-02 4.038637110009606658e+03
1.077275579782501110e-02 4.056397473955807982e+03
1.090518786156843313e-02 4.073839950354432858e+03
1.103924794434769929e-02 4.090966583142458603e+03
1.117495605979021769e-02 4.107762945516768923e+03
1.131233246755570035e-02 4.124214447118474709e+03
1.145139767636072989e-02 4.140313707773640090e+03
1.159217244704041638e-02 4.156049854883317494e+03
1.173467779564779483e-02 4.171416587448421524e+03
1.187893499659126335e-02 4.186397713361526257e+03
1.202496558581059999e-02 4.200988176677317824e+03
1.217279136399208005e-02 4.215166075089879087e+03
1.232243439982299259e-02 4.228934552228863140e+03
1.247391703328628622e-02 4.242278006450202156e+03
1.262726187899566865e-02 4.255175999919236347e+03
1.278249182957168911e-02 4.267635910493680967e+03
1.293963005905939337e-02 4.279633527185346793e+03
1.309870002638786717e-02 4.291159842307273721e+03
1.325972547887243995e-02 4.302202365452672893e+03
1.342273045575986291e-02 4.312755702670691790e+03
1.358773929181708758e-02 4.322809599165203508e+03
1.375477662096421562e-02 4.332345422556074482e+03
1.392386737995198083e-02 4.341351971056190450e+03
1.409503681208456975e-02 4.349823587733680142e+03
1.426831047098814885e-02 4.357748751394355168e+03
1.444371422442571745e-02 4.365115088806273889e+03
1.462127425815886589e-02 4.371911987158518059e+03
1.480101707985705117e-02 4.378124902771888628e+03
1.498296952305481350e-02 4.383748981439277486e+03
1.516715875115776276e-02 4.388768215430543023e+03
1.535361226149775139e-02 4.393175232712660545e+03
1.554235788943789456e-02 4.396955676068905632e+03
1.573342381252813144e-02 4.400108685021176825e+03
1.592683855471171278e-02 4.402617264800479461e+03
1.612263099058356547e-02 4.404467917450924688e+03
1.632083034970091551e-02 4.405654279898361892e+03
1.652146622094691555e-02 4.406165020648310929e+03
1.672456855694797601e-02 4.405994360445712118e+03
1.693016767854527149e-02 4.405139071149100346e+03
1.713829427932133526e-02 4.403576401660968259e+03
1.734897943018225488e-02 4.401300931306082020e+03
1.756225458399618411e-02 4.398313939728932382e+03
1.777815158028896170e-02 4.394596217457692546e+03
1.799670264999727112e-02 4.390145270462644476e+03
1.821794042028043736e-02 4.384954551560729669e+03
1.844189791939125633e-02 4.379018128774305296e+03
1.866860858160671391e-02 4.372315543528182388e+03
1.889810625221941681e-02 4.364866508956832149e+03
1.913042519259020025e-02 4.356647974154954682e+03
1.936560008526300863e-02 4.347665464912856805e+03
1.960366603914260805e-02 4.337904136304769963e+03
1.984465859473589708e-02 4.327360197173127744e+03
2.008861372945779794e-02 4.316039622522335776e+03
2.033556786300213040e-02 4.303934709364416449e+03
2.058555786277874514e-02 4.291042042697448778e+03
2.083862104941738153e-02 4.277361288010210956e+03
2.109479520233917965e-02 4.262898064543346663e+03
2.135411856539681796e-02 4.247639631725366598e+03
2.161662985258372069e-02 4.231603651806211928e+03
2.188236825381373318e-02 4.214772087525611823e+03
2.215137344077166767e-02 4.197167148575740612e+03
2.242368557283584002e-02 4.178782777258595161e+03
2.269934530307346487e-02 4.159620893518625962e+03
2.297839378430957882e-02 4.139700037006278762e+03
2.326087267527075092e-02 4.119003089245943556e+03
2.354682414680425023e-02 4.097567064812798890e+03
2.383629088817362796e-02 4.075356635479812212e+03
2.412931611343184166e-02 4.052441365981179842e+03
2.442594356787245596e-02 4.028766726250763440e+03
2.472621753456042543e-02 4.004415353827866966e+03
2.503018284094300772e-02 3.979318802636471446e+03
2.533788486554200067e-02 3.953528011740345846e+03
2.564936954472819136e-02 3.927023456609005279e+03
2.596468337957923839e-02 3.899968811631348672e+03
2.628387344282159463e-02 3.872248720299784964e+03
2.660698738585802470e-02 3.843904764389621050e+03
2.693407344588138672e-02 3.814917087493693089e+03
2.726518045307585458e-02 3.785373255358877941e+03
2.760035783790682276e-02 3.755244087749639675e+03
2.793965563850014239e-02 3.724573453902436540e+03
2.828312450811233322e-02 3.693378299405979760e+03
2.863081572269251737e-02 3.661684355599797527e+03
2.898278118853729601e-02 3.629515975727981640e+03
2.933907345003987019e-02 3.596939024220364900e+03
2.969974569753415505e-02 3.563928635892384136e+03
3.006485177523559107e-02 3.530530851329261623e+03
3.043444618927943282e-02 3.496778189974592351e+03
3.080858411585787188e-02 3.462696590259844015e+03
3.118732140945730882e-02 3.428316068372415884e+03
3.157071461119662081e-02 3.393654363000183821e+03
3.195882095726820804e-02 3.358803428672847986e+03
3.235169838748268301e-02 3.323738035601069896e+03
3.274940555391857300e-02 3.288500553286439754e+03
3.315200182967852072e-02 3.253146870769434372e+03
3.355954731775284000e-02 3.217701334740036145e+03
3.397210285999230361e-02 3.182210209803256930e+03
3.438973004619112067e-02 3.146665839101707661e+03
3.481249122328151924e-02 3.111154156449042603e+03
3.524044950464159248e-02 3.075715785314268942e+03
3.567366877951718557e-02 3.040344623011512795e+03
3.611221372255994655e-02 3.005094000033294378e+03
3.655614980348249887e-02 2.970018938486884508e+03
3.700554329683226201e-02 2.935127316864999557e+03
3.746046129188562723e-02 2.900473022487955404e+03
3.792097170266340439e-02 2.866094643237195669e+03
3.838714327806972554e-02 2.831998927683176134e+03
3.885904561215545311e-02 2.798233837281172327e+03
3.933674915450773718e-02 2.764865150550573162e+03
3.982032522076745656e-02 2.731880142408146639e+03
4.030984600327560535e-02 2.699316229435863534e+03
4.080538458185093559e-02 2.667216409462014781e+03
4.130701493469988994e-02 2.635621888184426552e+03
4.181481194946069790e-02 2.604523523113775354e+03
4.232885143438318981e-02 2.573971405234835856e+03
4.284921012964627851e-02 2.543977357981180830e+03
4.337596571881412177e-02 2.514562139804945218e+03
4.390919684043356058e-02 2.485754528447930625e+03
4.444898309977388801e-02 2.457550438972155462e+03
4.499540508071097483e-02 2.430001048901851846e+03
4.554854435775770177e-02 2.403079997207632005e+03
4.610848350824179459e-02 2.376812117972769556e+03
4.667530612463386547e-02 2.351216676073217059e+03
4.724909682702677083e-02 2.326275749110479410e+03
4.782994127576836035e-02 2.302000764196803630e+03
4.841792618424977518e-02 2.278387407335222633e+03
4.901313933185045407e-02 2.255444487602663230e+03
4.961566957704281050e-02 2.233137548795091789e+03
5.022560687065770468e-02 2.211479899535219374e+03
5.084304226931302129e-02 2.190439081449009791e+03
5.146806794900759402e-02 2.170002999583952260e+03
5.210077721888168450e-02 2.150141584460611284e+03
5.274126453514721424e-02 2.130845745202502258e+03
5.338962551518887378e-02 2.112091402207393912e+03
5.404595695183871812e-02 2.093779369076160492e+03
5.471035682782636467e-02 2.075940447253784896e+03
5.538292433040643142e-02 2.058553669353257646e+03
5.606375986616621981e-02 2.041552360582963956e+03
5.675296507601522433e-02 2.024885687197545394e+03
5.745064285035889756e-02 2.008488200459828249e+03
5.815689734445923104e-02 1.992305486079961611e+03
5.887183399398359523e-02 1.976295849923014657e+03
5.959555953074527346e-02 1.960404926957438647e+03
6.032818199863729247e-02 1.944572173631296437e+03
6.106981076976201323e-02 1.928735856992417212e+03
6.182055656075940986e-02 1.912834247566833255e+03
6.258053144933539702e-02 1.896804550089456143e+03
6.334984889099400107e-02 1.880582190341528758e+03
6.412862373597490173e-02 1.864105335844817546e+03
6.491697224639918218e-02 1.847314981117082425e+03
6.571501211362618111e-02 1.830151007627589479e+03
6.652286247582307743e-02 1.812553291639005010e+03
6.734064393575106555e-02 1.794467030441093812e+03
6.816847857876999484e-02 1.775843191519654056e+03
6.900648999106419323e-02 1.756636662363526739e+03
6.985480327809245882e-02 1.736807238641980348e+03
7.071354508326511967e-02 1.716318828961303780e+03
7.158284360685006342e-02 1.695144610091536379e+03
7.246282862511176093e-02 1.673265508110178189e+03
7.335363150968536583e-02 1.650667818615522947e+03
7.425538524718887368e-02 1.627350829671839392e+03
7.516822445907685168e-02 1.603319831343335181e+03
7.609228542173732124e-02 1.578587713961808731e+03
7.702770608683666420e-02 1.553184680520853135e+03
7.797462610191405186e-02 1.527145313159340958e+03
7.893318683122922674e-02 1.500512217420599200e+03
7.990353137686678764e-02 1.473345560565147252e+03
8.088580460009925366e-02 1.445707401330806988e+03
8.188015314301350100e-02 1.417666909922170134e+03
8.288672545040266793e-02 1.389310366232943352e+03
8.390567179192714997e-02 1.360723124049001854e+03
8.493714428454846033e-02 1.331997040920593236e+03
8.598129691523806462e-02 1.303241817374746461e+03
8.703828556396617233e-02 1.274562989004397423e+03
8.810826802697276083e-02 1.246065743582774303e+03
8.919140404032466218e-02 1.217860542935093008e+03
9.028785530376259860e-02 1.190050299425893854e+03
9.139778550484066455e-02 1.162738264978987900e+03
9.252136034336327919e-02 1.136031145879408086e+03
9.365874755612217661e-02 1.110026452515487335e+03
9.481011694193751393e-02 1.084815310624032691e+03
9.597564038700726052e-02 1.060482394798866608e+03
9.715549189056721380e-02 1.037102815889911881e+03
9.834984759086748407e-02 1.014738235884747610e+03
9.955888579146786321e-02 9.934413184734710285e+02
1.007827869878563237e-01 9.732531294565246753e+02
1.020217338943953528e-01 9.541947059359157493e+02
1.032759114715984666e-01 9.362813670505723849e+02
1.045455069537431780e-01 9.195099315503473463e+02
1.058307098768226928e-01 9.038627581002106126e+02
1.071317121068414563e-01 8.893139470233626298e+02
1.084487078684588934e-01 8.758067723542236536e+02
1.097818937739843265e-01 8.632801008504737865e+02
1.111314688527292871e-01 8.516563869859209035e+02
1.124976345807202904e-01 8.408471076589800077e+02
1.138805949107767890e-01 8.307546068811158193e+02
1.152805563029589558e-01 8.212577900898743337e+02
1.166977277553901959e-01 8.122344416923559720e+02
1.181323208354574800e-01 8.035501486332871082e+02
1.195845497113963846e-01 7.950697441324923602e+02
1.210546311842638639e-01 7.866531341532664783e+02
1.225427847203039433e-01 7.781595543253766891e+02
1.240492324837121074e-01 7.694539549982700919e+02
1.255741993698010206e-01 7.604075124202888674e+02
1.271179130385753919e-01 7.509048185400564535e+02
1.286806039487187747e-01 7.408468411040252022e+02
1.302625053919983233e-01 7.301512656258937568e+02
1.318638535280930724e-01 7.187580184756765220e+02
1.334848874198491242e-01 7.066299417362795339e+02
1.351258490689694058e-01 6.937619438703824244e+02
1.367869834521417138e-01 6.801724751331985317e+02
1.384685385576106820e-01 6.659098919986017791e+02
1.401707654222001942e-01 6.510459674906863938e+02
1.418939181687894069e-01 6.356786839704400336e+02
1.436382540442510125e-01 6.199265259480137047e+02
1.454040334578549920e-01 6.039251755621097573e+02
1.471915200201446006e-01 5.878247259393072000e+02
1.490009805822910816e-01 5.717801382974507760e+02
1.508326852759304115e-01 5.559477529556201034e+02
1.526869075534915965e-01 5.404791250634481230e+02
1.545639242290197390e-01 5.255251353338811668e+02
1.564640155195010651e-01 5.112171592127859867e+02
1.583874650866966827e-01 4.976634504469452622e+02
1.603345600794890968e-01 4.849506752258616302e+02
1.623055911767508908e-01 4.731437076559283810e+02
1.643008526307395967e-01 4.622754524158393679e+02
1.663206423110258625e-01 4.523505101545036382e+02
1.683652617489627690e-01 4.433443811092013789e+02
1.704350161827000165e-01 4.352014083067893466e+02
1.725302146027528905e-01 4.278444785394326004e+02
1.746511697981311673e-01 4.211738923230840896e+02
1.767981984030344011e-01 4.150555969039787669e+02
1.789716209441227224e-01 4.093453094472967564e+02
1.811717618883666447e-01 4.039099847793103208e+02
1.833989496914868456e-01 3.986171429705404989e+02
1.856535168469888308e-01 3.933124614856914718e+02
1.879357999358000353e-01 3.878156497170230637e+02
1.902461396765183776e-01 3.819945997171364525e+02
1.925848809762763791e-01 3.757481634883268384e+02
1.949523729822326412e-01 3.690030042197129774e+02
1.973489691336953178e-01 3.617297358222599541e+02
1.997750272148864914e-01 3.539369891219185433e+02
2.022309094083550307e-01 3.456764648600023975e+02
2.047169823490472274e-01 3.370401175168033205e+02
2.072336171790397363e-01 3.281436656806778274e+02
2.097811896029478096e-01 3.191195097553257369e+02
2.123600799440133469e-01 3.101089100563391980e+02
2.149706732008826171e-01 3.012529688671118606e+02
2.176133591050830873e-01 2.926808027788878235e+02
2.202885321792042994e-01 2.844985630540180637e+02
2.229965917957966726e-01 2.767984362522511219e+02
2.257379422369929223e-01 2.696425663362215914e+02
2.285129927548624207e-01 2.630702663948521263e+02
2.313221576325088791e-01 2.570888264143669630e+02
2.341658562459165704e-01 2.516658109147322477e+02
2.370445131265592476e-01 2.467541412831711511e+02
2.399585580247776961e-01 2.422651704054720483e+02
2.429084259739361096e-01 2.380828418437285166e+02
2.458945573553686648e-01 2.340883966818550448e+02
2.489173979641218781e-01 2.301566085275001399e+02
2.519773990755075910e-01 2.261696190137553799e+02
2.550750175124730790e-01 2.220318622843641378e+02
2.582107157137990550e-01 2.176823947759609155e+02
2.613849618031375277e-01 2.130857460155593515e+02
2.645982296588958449e-01 2.082353787643235421e+02
2.678509989849821582e-01 2.031600458359798154e+02
2.711437553824195268e-01 1.979122510044140881e+02
2.744769904218402057e-01 1.925767560271675904e+02
2.778512017168727199e-01 1.872458092229549038e+02
2.812668929984280530e-01 1.820293633187452826e+02
2.847245741899020466e-01 1.770236800335122496e+02
2.882247614833008953e-01 1.722943586276732901e+02
2.917679774163022821e-01 1.678995256399512073e+02
2.953547509502652546e-01 1.638416495380369895e+02
2.989856175491967250e-01 1.601028664431930224e+02
3.026611192596909139e-01 1.566406434686685998e+02
3.063818047918504539e-01 1.533974378450317602e+02
3.101482296012021966e-01 1.503010455259993421e+02
3.139609559716216025e-01 1.472785933919678314e+02
3.178205530992733729e-01 1.442588699453675360e+02
3.217275971775871990e-01 1.411816951831880829e+02
3.256826714832762315e-01 1.380097643841081094e+02
3.296863664634139823e-01 1.347331497415522961e+02
3.337392798235805369e-01 1.313725077991419994e+02
3.378420166170947314e-01 1.279698523565345454e+02
3.419951893353396777e-01 1.245768695290861530e+02
3.461994179992016751e-01 1.212454711892164454e+02
3.504553302516322799e-01 1.180245016615669300e+02
3.547635614513474644e-01 1.149522519704974854e+02
3.591247547676810759e-01 1.120527442288755111e+02
3.635395612766002538e-01 1.093316401168146683e+02
3.680086400579051231e-01 1.067717163081283900e+02
3.725326582936214215e-01 1.043393112548719444e+02
3.771122913676027144e-01 1.019832886487420609e+02
3.817482229663590743e-01 9.966455080384262999e+01
3.864411451811211040e-01 9.735324291744628056e+01
3.911917586111628431e-01 9.503277248283319523e+01
3.960007724683928254e-01 9.269664038820003782e+01
4.008689046832307756e-01 9.035258723722122909e+01
4.057968820117880959e-01 8.801579348502031053e+01
4.107854401443614689e-01 8.571612449820329971e+01
4.158353238152650566e-01 8.348107596004008712e+01
4.209472869140097884e-01 8.132789118133824502e+01
4.261220925978504437e-01 7.926373864276774839e+01
4.313605134057177382e-01 7.728575255833969493e+01
4.366633313735467925e-01 7.538736789153588802e+01
4.420313381510282413e-01 7.355681479746137086e+01
4.474653351197914741e-01 7.177496202883079945e+01
4.529661335130415467e-01 7.002090005153951324e+01
4.585345545366687481e-01 6.828131532675543269e+01
4.641714294918424799e-01 6.655441182849564541e+01
4.698775998991165381e-01 6.484683443151766369e+01
4.756539176240583422e-01 6.316358334578593059e+01
4.815012450044219294e-01 6.151499480280664756e+01
4.874204549788870855e-01 5.991475444223049607e+01
4.934124312173761018e-01 5.837303744872760802e+01
4.994780682529774696e-01 5.688891540769922983e+01
5.056182716154888901e-01 5.545246566613266737e+01
5.118339579666020267e-01 5.405402758818262754e+01
5.181260552367514816e-01 5.268678954691240790e+01
5.244955027636410971e-01 5.134355734556559980e+01
5.309432514324781138e-01 5.001896089155204805e+01
5.374702638179295056e-01 4.871594162562815455e+01
5.440775143278216985e-01 4.744260295827710650e+01
5.507659893486118730e-01 4.620344229435475825e+01
5.575366873926398403e-01 4.499794986546478270e+01
5.643906192471971339e-01 4.382742214759753807e+01
5.713288081254249695e-01 4.269225510242807786e+01
5.783522898190689432e-01 4.158729869218718989e+01
5.854621128531091179e-01 4.050678658518106801e+01
5.926593386422963627e-01 3.945014969561494667e+01
5.999450416496046046e-01 3.841736684150141912e+01
6.073203095466390700e-01 3.740599024374109405e+01
6.147862433760120648e-01 3.641761946370441905e+01
6.223439577157154901e-01 3.545659275540929656e+01
6.299945808455168494e-01 3.452204241068896096e+01
6.377392549153949597e-01 3.361135689659787573e+01
6.455791361160521102e-01 3.272529129856338415e+01
6.535153948515193267e-01 3.186179300988540675e+01
6.615492159138840478e-01 3.101725588965157243e+01
6.696817986601676376e-01 3.019294071248106093e+01
6.779143571913727184e-01 2.938991380627871308e+01
6.862481205337364054e-01 2.860587860907196855e+01
6.946843328222092051e-01 2.784232998922708191e+01
7.032242534861895544e-01 2.709999273442259948e+01
7.118691574375448639e-01 2.637584868554553452e+01
7.206203352609370505e-01 2.567012798248076066e+01
7.294790934064945276e-01 2.498284682040248939e+01
7.384467543848495241e-01 2.431160275191427189e+01
7.475246569645732642e-01 2.365774629899371106e+01
7.567141563720415354e-01 2.302134452574336265e+01
7.660166244937495206e-01 2.240107033921462687e+01
7.754334500811224107e-01 2.179656841469064688e+01
7.849660389578384523e-01 2.120749770591707417e+01
7.946158142297021776e-01 2.063352171895624210e+01
8.043842164971002351e-01 2.007430858445494692e+01
8.142727040700622476e-01 1.952953112189489815e+01
8.242827531859725498e-01 1.899886689379629701e+01
8.344158582299546767e-01 1.848199246832954756e+01
8.446735319579652401e-01 1.797857208330566792e+01
8.550573057226340534e-01 1.748827396750087715e+01
8.655687297018725967e-01 1.701077398754721770e+01
8.762093731303011168e-01 1.654575548766793602e+01
8.869808245335163432e-01 1.609290913234159959e+01
8.978846919652391234e-01 1.565193275185307265e+01
9.089226032473820549e-01 1.522253119069012683e+01
9.200962062130594310e-01 1.480441615874486061e+01
9.314071689525926789e-01 1.439730611748985112e+01
9.428571800625367150e-01 1.400092666700320621e+01
9.544479488977678505e-01 1.361501025517985219e+01
9.661812058266696646e-01 1.323929552865729597e+01
9.780587024894612513e-01 1.287352718788878647e+01
9.900822120596906029e-01 1.251745586167493762e+01
1.002253529508952745e+00 1.217083798384585513e+01
1.014574471874860384e+00 1.183343567207096569e+01
1.027046878532301699e+00 1.150501660877324461e+01
1.039672611468040797e+00 1.118535392412404761e+01
1.052453555558690690e+00 1.087422608109500111e+01
1.065391618852103539e+00 1.057141676254314433e+01
1.078488732852220133e+00 1.027671476030521269e+01
1.091746852807420787e+00 9.989913870150635589e+00
1.105167958002422512e+00 9.710812961367988549e+00
1.118754052053759773e+00 9.439215920586915942e+00
1.132507163208911871e+00 9.174931290693645991e+00
1.146429344649082083e+00 8.917772152211977499e+00
1.160522674795724019e+00 8.667556027124401652e+00
1.174789257620822758e+00 8.424104784367816734e+00
1.189231222960995149e+00 8.187244546985921190e+00
1.203850726835448137e+00 7.956805600920849209e+00
1.218649951767849071e+00 7.732622305426059661e+00
1.233631107112150405e+00 7.514533005082585149e+00
1.248796429382421191e+00 7.302379943400248763e+00
1.264148182586733338e+00 7.096009177985643568e+00
1.279688658565148351e+00 6.895270497258301212e+00
1.295420177331873646e+00 6.700017338696169666e+00
1.311345087421599054e+00 6.510106708592276803e+00
1.327465766240115030e+00 6.325399103302972392e+00
1.343784620419230080e+00 6.145758431918935116e+00
1.360304086176053362e+00 5.971051873092829254e+00
1.377026629676693759e+00 5.801149680400516040e+00
1.393954747404430039e+00 5.635925291192599218e+00
1.411090966532406732e+00 5.475255292223504711e+00
1.428437845300912334e+00 5.319019347248904239e+00
1.445997973399292702e+00 5.167100126099294144e+00
1.463773972352572450e+00 5.019383235205542526e+00
1.481768495912801686e+00 4.875757149552642389e+00
1.499984230455242429e+00 4.736113146037357780e+00
1.518423895379410249e+00 4.600345238206593024e+00
1.537090243515048860e+00 4.468350112352887038e+00
1.555986061533097375e+00 4.340027064944035118e+00
1.575114170361706645e+00 4.215277941363839709e+00
1.594477425607372378e+00 4.094007075941364704e+00
1.614078717981243472e+00 3.976121233246266318e+00
1.633920973730669690e+00 3.861529550628044483e+00
1.654007155076069102e+00 3.750143481977126214e+00
1.674340260653133683e+00 3.641876742686434909e+00
1.694923325960504989e+00 3.536645255812834954e+00
1.715759423812935225e+00 3.434367100426122921e+00
1.736851664800022954e+00 3.334962460376368565e+00
1.758203197750589419e+00 3.238353572262757663e+00
1.779817210202761402e+00 3.144464675968249079e+00
1.801696928879833903e+00 3.053221966401909793e+00
1.823845620171983706e+00 2.964553546295590092e+00
1.846266590623899306e+00 2.878389380035358602e+00
1.868963187428425599e+00 2.794661248508277129e+00
1.891938798926237730e+00 2.713302704945596222e+00
1.915196855111697793e+00 2.634249031743260083e+00
1.938740828144908335e+00 2.557437198241383935e+00
1.962574232870067048e+00 2.482805819444254158e+00
1.986700627340191705e+00 2.410295115662800747e+00
2.011123613348296590e+00 2.339846873061749211e+00
2.035846836965100159e+00 2.271404405093866430e+00
2.060873989083339186e+00 2.204912514804011625e+00
2.086208805968778446e+00 2.140317457985928318e+00
2.111855069817985875e+00 2.077566907175008470e+00
2.137816609322990669e+00 2.016609914903546130e+00
2.164097300242836308e+00 1.957396847841052168e+00
2.190701065982201712e+00 1.899879358873033830e+00
2.217631878177119820e+00 1.844010387841978904e+00
2.244893757287893976e+00 1.789744130351021534e+00
2.272490773199308922e+00 1.737036005912037551e+00
2.300427045828215000e+00 1.685842626848463421e+00
2.328706745738587269e+00 1.636121767936603355e+00
2.357334094764140797e+00 1.587832336769540165e+00
2.386313366638597167e+00 1.540934344828003510e+00
2.415648887633723430e+00 1.495388879242837143e+00
2.445345037205166161e+00 1.451158075234126432e+00
2.475406248646272012e+00 1.408205089212063221e+00
2.505837009749923627e+00 1.366494072525181736e+00
2.536641863478514836e+00 1.325990145841685841e+00
2.567825408642162355e+00 1.286659374149957014e+00
2.599392300585256166e+00 1.248468742364532869e+00
2.631347251881448024e+00 1.211386131524160525e+00
2.663695033037185578e+00 1.175380295568752453e+00
2.696440473203886246e+00 1.140420838419252902e+00
2.729588460898899172e+00 1.106478189175805094e+00
2.763143944735269031e+00 1.073523582017062772e+00
2.797111934160529501e+00 1.041529037216524456e+00
2.831497500204551709e+00 1.010467340617203114e+00
2.866305776236589775e+00 9.803120235789518633e-01
2.901541958731633564e+00 9.510373434218503119e-01
2.937211308046183689e+00 9.226182643543030526e-01
2.973319149203560219e+00 8.950304388747483131e-01
3.009870872688869881e+00 8.682501896360892424e-01
3.046871935253735231e+00 8.422544917621881400e-01
3.084327860730950110e+00 8.170209556059713218e-01
3.122244240859088027e+00 7.925278099389534425e-01
3.160626736117308599e+00 7.687538855621112166e-01
3.199481076570394933e+00 7.456785993283420177e-01
3.238813062724188008e+00 7.232819385668877166e-01
3.278628566391533550e+00 7.015444459003230548e-01
3.318933531568877715e+00 6.804472044449079160e-01
3.359733975323636823e+00 6.599718233852854832e-01
3.401035988692475254e+00 6.401004240666446909e-01
3.442845737590629174e+00 6.208156271466822584e-01
3.485169463732398221e+00 6.021005385162842005e-01
3.528013485562988993e+00 5.839387358237837500e-01
3.571384199201746323e+00 5.663142558047257191e-01
3.615288079397047216e+00 5.492115819366791829e-01
3.659731680492897432e+00 5.326156324097390815e-01
3.704721637407423884e+00 5.165117484051583441e-01
3.750264666623386756e+00 5.008856826747418722e-01
3.796367567190876535e+00 4.857235884137743875e-01
3.843037221742331866e+00 4.710120084204338919e-01
3.890280597520039851e+00 4.567378645347742738e-01
3.938104747416253382e+00 4.428884473505328989e-01
3.986516811026142637e+00 4.294514061931365978e-01
4.035524015713603418e+00 4.164147393574864076e-01
4.085133677690253151e+00 4.037667845991527726e-01
4.135353203107650089e+00 3.914962098728412276e-01
4.186190089162942662e+00 3.795920043120750154e-01
4.237651925218117732e+00 3.680434694441929167e-01
4.289746393933006274e+00 3.568402075749841362e-01
4.342481272412211268e+00 3.459721040433322292e-01
4.395864433366144297e+00 3.354293301220090950e-01
4.449903846286320963e+00 3.252023387554390244e-01
4.504607578635147824e+00 3.152818567014054607e-01
4.559983797050250587e+00 3.056588768851085658e-01
4.616040768563690833e+00 2.963246509600792611e-01
4.672786861836137895e+00 2.872706820705845931e-01
4.730230548406202828e+00 2.784887178102634642e-01
4.788380403955150300e+00 2.699707433718651073e-01
4.847245109587146494e+00 2.617089748830960239e-01
4.906833453125244660e+00 2.536958529237064996e-01
4.967154330423311670e+00 2.459240362190611984e-01
5.028216746694061712e+00 2.383863955055715023e-01
5.090029817853475080e+00 2.310760075634596122e-01
5.152602771881634069e+00 2.239861494124786301e-01
5.215944950200401387e+00 2.171102926662678290e-01
5.280065809067970406e+00 2.104420980411831621e-01
5.344974920990579470e+00 2.039754100202773313e-01
5.410681976151574979e+00 1.977042547821959428e-01
5.477196783858045315e+00 1.916228399368944124e-01
5.544529274005236985e+00 1.857255416831522232e-01
5.612689498558975032e+00 1.800068986030704810e-01
5.681687633056291986e+00 1.744616071269237678e-01
5.751533978124565571e+00 1.690845171193304797e-01
5.822238961019214898e+00 1.638706275836898374e-01
5.893813137180416994e+00 1.588150824818765905e-01
5.966267191808897863e+00 1.539131666662823528e-01
6.039611941461113354e+00 1.491603019213444403e-01
6.113858335664033916e+00 1.445520431117741922e-01
6.189017458549784578e+00 1.400840744347648104e-01
6.265100530510378185e+00 1.357522057735190413e-01
6.342118909872789700e+00 1.315523691495038283e-01
6.420084094594624702e+00 1.274806152708967688e-01
6.499007723980617435e+00 1.235331101747546984e-01
6.578901580420300377e+00 1.197061319604841023e-01
6.659777591146899489e+00 1.159960676122692852e-01
6.741647830017982734e+00 1.123994098690504484e-01
6.824524519317940019e+00 1.089127508773092001e-01
6.908420031582623189e+00 1.055327772469226433e-01
6.993346891446428515e+00 1.022562731417238080e-01
7.079317777512080134e+00 9.908011807971416063e-02
7.166345524243395992e+00 9.600128415652982306e-02
7.254443123881327615e+00 9.301683334814166149e-02
7.343623728383537497e+00 9.012391489058001193e-02
7.433900651387896019e+00 8.731976273452950188e-02
7.525287370199960968e+00 8.460169307271019068e-02
7.617797527805047153e+00 8.196710193799960908e-02
7.711444934904950088e+00 7.941346287032388651e-02
7.806243571979728735e+00 7.693832465038938362e-02
7.902207591374823537e+00 7.453930909838187013e-02
7.999351319413846362e+00 7.221410893581245438e-02
8.097689258537327461e+00 6.996048570873764083e-02
8.197236089467772047e+00 6.777626777062975560e-02
8.298006673401296496e+00 6.565934832322310732e-02
8.400016054226313145e+00 6.360768351370188478e-02
8.503279460769295639e+00 6.161929063511990823e-02
8.607812309068343382e+00 5.969224775564412749e-02
8.713630204674601032e+00 5.782469199906151158e-02
8.820748944981986028e+00 5.601481606242393607e-02
8.929184521585552758e+00 5.426086649665486789e-02
9.038953122668866413e+00 5.256114213920011491e-02
9.150071135420699164e+00 5.091399259099826935e-02
9.262555148481455447e+00 4.931781673656035481e-02
9.376421954419646099e+00 4.777106130598277739e-02
9.491688552238899845e+00 4.627221947774400740e-02
9.608372149915606286e+00 4.481982952117262442e-02
9.726490166967941775e+00 4.341247347749359331e-02
9.846060237056390108e+00 4.204877587839789266e-02
9.967100210616237632e+00 4.072740250110235688e-02
1.008962815752244246e+01 3.944705915889597930e-02
1.021366236978725794e+01 3.820649052619499997e-02
1.033922136429101890e+01 3.700447899715488681e-02
1.046632388554649751e+01 3.583984357691257644e-02
1.059498890849724972e+01 3.471143880455657138e-02
1.072523564135032537e+01 3.361815365594494204e-02
1.085708352844392266e+01 3.255890982189824784e-02
1.099055225315007966e+01 3.153266099894494467e-02
1.112566174081324988e+01 3.053839256178259021e-02
1.126243216172491834e+01 2.957512063606576591e-02
1.140088393413478407e+01 2.864189118157610750e-02
1.154103772729897415e+01 2.773777910222276211e-02
1.168291446456572658e+01 2.686188738210557383e-02
1.182653532649900363e+01 2.601334624689289124e-02
1.197192175404050296e+01 2.519131234978867068e-02
1.211909545171052649e+01 2.439496798138197919e-02
1.226807839084830931e+01 2.362352030269278258e-02
1.241889281289193825e+01 2.287620060074897071e-02
1.257156123269884418e+01 2.215226356604307542e-02
1.272610644190698892e+01 2.145098659124157828e-02
1.288255151233738616e+01 2.077166909053307017e-02
1.304091979943846802e+01 2.011363183902074511e-02
1.320123494577277867e+01 1.947621633158068757e-02
1.336352088454653675e+01 1.885878416062384752e-02
1.352780184318259415e+01 1.826071641372667767e-02
1.369410234693727269e+01 1.768141309875259984e-02
1.386244722256182804e+01 1.712029256709296857e-02
1.403286160200861588e+01 1.657679095462877977e-02
1.420537092618312691e+01 1.605036164625876435e-02
1.438000094874198531e+01 1.554047475632679143e-02
1.455677773993767588e+01 1.504661662442711642e-02
1.473572769051053477e+01 1.456828932614197096e-02
1.491687751562858111e+01 1.410501019827762638e-02
1.510025425887578088e+01 1.365631137817801752e-02
1.528588529628935255e+01 1.322173935670660667e-02
1.547379834044665259e+01 1.280085454449891337e-02
1.566402144460247570e+01 1.239323085109908518e-02
1.585658300687688893e+01 1.199845527660618055e-02
1.605151177449488031e+01 1.161612751546421164e-02
1.624883684807794637e+01 1.124585957204277467e-02
1.644858768598848187e+01 1.088727538766366860e-02
1.665079410872758103e+01 1.054001047873933186e-02
1.685548630338689335e+01 1.020371158569841757e-02
1.706269482815519822e+01 9.878036386815308711e-03
1.727245061688040551e+01 9.562653390355677421e-03
1.748478498368761080e+01 9.257241386500992056e-03
1.769972962765390889e+01 8.961489035833767811e-03
1.791731663754083570e+01 8.675094571673208285e-03
1.813757849658464494e+01 8.397765511251400333e-03
1.836054808734581201e+01 8.129218375404161437e-03
1.858625869661799612e+01 7.869178416533215148e-03
1.881474402039737726e+01 7.617379354602223096e-03
1.904603816891307488e+01 7.373563120936029065e-03
1.928017567171940527e+01 7.137479609598762487e-03
1.951719148285076244e+01 6.908886436132853290e-03
1.975712098603984401e+01 6.687548703446777147e-03
2.000000000000000355e+01 6.473238774645684486e-03
