1.000000000000000048e-04 6.252926147432134873e-02
1.012293239188635498e-04 6.327162128872383662e-02
1.024737602107019988e-04 6.402279264507493295e-02
1.037334946555309366e-04 6.478288006593127535e-02
1.050087153172044171e-04 6.555198930605954377e-02
1.062996125714901486e-04 6.633022737121511969e-02
1.076063791344907558e-04 6.711770253475288217e-02
1.089292100914140602e-04 6.791452435261713383e-02
1.102683029256968240e-04 6.872080367850820493e-02
1.116238575484873244e-04 6.953665267922848336e-02
1.129960763284890618e-04 7.036218485020848123e-02
1.143851641221724870e-04 7.119751503121660163e-02
1.157913283043576883e-04 7.204275942225488172e-02
1.172147787991728628e-04 7.289803559909094344e-02
1.186557281113940885e-04 7.376346251873087956e-02
1.201143913581691609e-04 7.463916053598249056e-02
1.215909863011325153e-04 7.552525142986281359e-02
1.230857333789144459e-04 7.642185842081429537e-02
1.245988557400499086e-04 7.732910618772501077e-02
1.261305792762926377e-04 7.824712088514909625e-02
1.276811326563372627e-04 7.917603016073018751e-02
1.292507473599575278e-04 8.011596317282973501e-02
1.308396577125633660e-04 8.106705060836055798e-02
1.324481009201831157e-04 8.202942469729414265e-02
1.340763171048753256e-04 8.300321922339880254e-02
1.357245493405768967e-04 8.398856955099646970e-02
1.373930436893903799e-04 8.498561264561872719e-02
1.390820492383186980e-04 8.599448709289471415e-02
1.407918181364507858e-04 8.701533311765846657e-02
1.425226056326050355e-04 8.804829260328246587e-02
1.442746701134342330e-04 8.909350911123661843e-02
1.460482731420001694e-04 9.015112790047911939e-02
1.478436794968219419e-04 9.122129593482682097e-02
1.496611572114043382e-04 9.230416189992275700e-02
1.515009776142519444e-04 9.339987623774186065e-02
1.533634153693760763e-04 9.450859116816968941e-02
1.552487485172978688e-04 9.563046070993844183e-02
1.571572585165573362e-04 9.676564070180826427e-02
1.590892302857315995e-04 9.791428882399696998e-02
1.610449522459698459e-04 9.907656461954653104e-02
1.630247163640519299e-04 1.002526295039585374e-01
1.650288181959746830e-04 1.014426467826772815e-01
1.670575569310756351e-04 1.026467816882929984e-01
1.691112354366984582e-04 1.038652014043064953e-01
1.711901603034072595e-04 1.050980750880643605e-01
1.732946418907579109e-04 1.063455738939641515e-01
1.754249943736299383e-04 1.076078709969288255e-01
1.775815357891300016e-04 1.088851416099261837e-01
1.797645880840710055e-04 1.101775629761146125e-01
1.819744771630348360e-04 1.114853144149633990e-01
1.842115329370269357e-04 1.128085773602860997e-01
1.864760893727270008e-04 1.141475353850589930e-01
1.887684845423473186e-04 1.155023742265061659e-01
1.910890606741026232e-04 1.168732818114762290e-01
1.934381642033010623e-04 1.182604482801103279e-01
1.958161458240625930e-04 1.196640659961735048e-01
1.982233605416745077e-04 1.210843295809426040e-01
2.006601677255884567e-04 1.225214359483496329e-01
2.031269311630708369e-04 1.239755843319005763e-01
2.056240191135117531e-04 1.254469763118341852e-01
2.081518043634027139e-04 1.269358158425976102e-01
2.107106642819880796e-04 1.284423092674536471e-01
2.133009808776028355e-04 1.299666653026156082e-01
2.159231408547017893e-04 1.315090951043759449e-01
2.185775356715900569e-04 1.330698123122149301e-01
2.212645615988632127e-04 1.346490330777856959e-01
2.239846197785666190e-04 1.362469760942346120e-01
2.267381162840801127e-04 1.378638626244956256e-01
2.295254621807409534e-04 1.394999165000373742e-01
2.323470735872106691e-04 1.411553641488197952e-01
2.352033717375977533e-04 1.428304346562526972e-01
2.380947830443416085e-04 1.445253597975866833e-01
2.410217391618719638e-04 1.462403740692246046e-01
2.439846770510497871e-04 1.479757147201722911e-01
2.469840390444003140e-04 1.497316217557750628e-01
2.500202729121481704e-04 1.515083379405293695e-01
2.530938319290651582e-04 1.533061088781768333e-01
2.562051749421374544e-04 1.551251830511185537e-01
2.593547664390673203e-04 1.569658118538181935e-01
2.625430766176154742e-04 1.588282496264407651e-01
2.657705814557958092e-04 1.607127536546059110e-01
2.690377627829346543e-04 1.626195841571198286e-01
2.723451083516006499e-04 1.645490043856508433e-01
2.756931119104217166e-04 1.665012806705886694e-01
2.790822732777957873e-04 1.684766824566246712e-01
2.825130984165076064e-04 1.704754823381751105e-01
2.859860995092642819e-04 1.724979560526889999e-01
2.895017950351565835e-04 1.745443824843615210e-01
2.930607098470630633e-04 1.766150437651062555e-01
2.966633752500043167e-04 1.787102253189843115e-01
3.003103290804602318e-04 1.808302159000970966e-01
3.040021157866642132e-04 1.829753076262704004e-01
3.077392865098809403e-04 1.851457959328923486e-01
3.115223991666869036e-04 1.873419796161816808e-01
3.153520185322606045e-04 1.895641609469597699e-01
3.192287163246966758e-04 1.918126457132473817e-01
3.231530712903569330e-04 1.940877432605401798e-01
3.271256692902714753e-04 1.963897665116689228e-01
3.311471033875992690e-04 1.987190319101112823e-01
3.352179739361668079e-04 2.010758595324813602e-01
3.393388886700935770e-04 2.034605731697305131e-01
3.435104627945207464e-04 2.058735003695107979e-01
3.477333190774526913e-04 2.083149724774023270e-01
3.520080879427299296e-04 2.107853245790844154e-01
3.563354075641441592e-04 2.132848954762812665e-01
3.607159239607100843e-04 2.158140278735538042e-01
3.651502910931083974e-04 2.183730684368987152e-01
3.696391709613158533e-04 2.209623678385596035e-01
3.741832337034322492e-04 2.235822807809640378e-01
3.787831576957256135e-04 2.262331659133839656e-01
3.834396296539054169e-04 2.289153859566644966e-01
3.881533447356427238e-04 2.316293078104646186e-01
3.929250066443468799e-04 2.343753026004598561e-01
3.977553277342219928e-04 2.371537457225651735e-01
4.026450291166129070e-04 2.399650167364872078e-01
4.075948407676585660e-04 2.428094993385068456e-01
4.126055016372687494e-04 2.456875816081045827e-01
4.176777597594426208e-04 2.485996560735189709e-01
4.228123723639388943e-04 2.515461197612844368e-01
4.280101059893232107e-04 2.545273741910074605e-01
4.332717365974027486e-04 2.575438252163478881e-01
4.385980496890701371e-04 2.605958832482346277e-01
4.439898404215669139e-04 2.636839633801218996e-01
4.494479137271933087e-04 2.668084854396732819e-01
4.549730844334749238e-04 2.699698740265517038e-01
4.605661773848069109e-04 2.731685583082308910e-01
4.662280275655938597e-04 2.764049720894726225e-01
4.719594802249029602e-04 2.796795540876423347e-01
4.777613910026518008e-04 2.829927479943976087e-01
4.836346260573426165e-04 2.863450025295210533e-01
4.895800621953713423e-04 2.897367713396103439e-01
4.955985870019261053e-04 2.931685128054988265e-01
5.016910989734905003e-04 2.966406904142042111e-01
5.078585076519810280e-04 3.001537728736625166e-01
5.141017337605302984e-04 3.037082341689175125e-01
5.204217093409407727e-04 3.073045535627865199e-01
5.268193778928274753e-04 3.109432152454268961e-01
5.332956945144715771e-04 3.146247086045905195e-01
5.398516260454075096e-04 3.183495284980127349e-01
5.464881512107574871e-04 3.221181753128697922e-01
5.532062607673465067e-04 3.259311550158212611e-01
5.600069576516096418e-04 3.297889788348855045e-01
5.668912571293209047e-04 3.336921631482749340e-01
5.738601869471579879e-04 3.376412300168940561e-01
5.809147874861344358e-04 3.416367072817858563e-01
5.880561119169169185e-04 3.456791286241979178e-01
5.952852263570505929e-04 3.497690334600815354e-01
6.026032100301182467e-04 3.539069664308410745e-01
6.100111554268579459e-04 3.580934779593302753e-01
6.175101684682563147e-04 3.623291245012412176e-01
6.251013686706511675e-04 3.666144686064686797e-01
6.327858893128622498e-04 3.709500789434339030e-01
6.405648776053787102e-04 3.753365297166912362e-01
6.484394948616206515e-04 3.797744007837129954e-01
6.564109166713124905e-04 3.842642782642172739e-01
6.644803330759844985e-04 3.888067546212887193e-01
6.726489487466316870e-04 3.934024287235969308e-01
6.809179831635575782e-04 3.980519055015909746e-01
6.892886707984305058e-04 4.027557952633907257e-01
6.977622612985722892e-04 4.075147146449289437e-01
7.063400196735187446e-04 4.123292868597326910e-01
7.150232264838701389e-04 4.172001417619002894e-01
7.238131780324662820e-04 4.221279158094400352e-01
7.327111865579057732e-04 4.271132511184135838e-01
7.417185804304510331e-04 4.321567958921476715e-01
7.508367043503377716e-04 4.372592051299071803e-01
7.600669195485232604e-04 4.424211406993606710e-01
7.694106039899026826e-04 4.476432713942508634e-01
7.788691525790222923e-04 4.529262722206183200e-01
7.884439773683260284e-04 4.582708236065218821e-01
7.981365077689539077e-04 4.636776127948988857e-01
8.079481907641391418e-04 4.691473340910638501e-01
8.178804911252280469e-04 4.746806889244257199e-01
8.279348916303490942e-04 4.802783856845273536e-01
8.381128932857780447e-04 4.859411382326327966e-01
8.484160155500194457e-04 4.916696668150474792e-01
8.588457965606449262e-04 4.974646989116618401e-01
8.694037933639190861e-04 5.033269692999685629e-01
8.800915821472478882e-04 5.092572200902569790e-01
8.909107584744886937e-04 5.152561994352342634e-01
9.018629375241442748e-04 5.213246608118053960e-01
9.129497543304940406e-04 5.274633648950501907e-01
9.241728640276838328e-04 5.336730797800522952e-01
9.355339420968224315e-04 5.399545810378210131e-01
9.470346846161058034e-04 5.463086512066658296e-01
9.586768085140255809e-04 5.527360775007427174e-01
9.704620518256861644e-04 5.592376536958141298e-01
9.823921739522732764e-04 5.658141810570550545e-01
9.944689559237113695e-04 5.724664683898431639e-01
1.006694200664554019e-03 5.791953319779806764e-01
1.019069733263135592e-03 5.860015934665824267e-01
1.031597401244037327e-03 5.928860799533631765e-01
1.044279074843905116e-03 5.998496259814574127e-01
1.057116647290648253e-03 6.068930736604631893e-01
1.070112035086080542e-03 6.140172727018649024e-01
1.083267178292031266e-03 6.212230781757733800e-01
1.096584040819973543e-03 6.285113472815023750e-01
1.110064610724213838e-03 6.358829437977486787e-01
1.123710900498686239e-03 6.433387388710425370e-01
1.137524947377392464e-03 6.508796110465110418e-01
1.151508813638542697e-03 6.585064466026097074e-01
1.165664586912421941e-03 6.662201410140895508e-01
1.179994380493058466e-03 6.740215979448398453e-01
1.194500333653705391e-03 6.819117287020640683e-01
1.209184611966215199e-03 6.898914522672268124e-01
1.224049407624333433e-03 6.979616929613700060e-01
1.239096939770966853e-03 7.061233548795432524e-01
1.254329454829477674e-03 7.143773302742291165e-01
1.269749226839047250e-03 7.227245165791041925e-01
1.285358557794163406e-03 7.311658166659485980e-01
1.301159777988286506e-03 7.397021393238109033e-01
1.317155246361728519e-03 7.483344094080465192e-01
1.333347350853817921e-03 7.570635677083126236e-01
1.349738508759397307e-03 7.658905616869425836e-01
1.366331167089688799e-03 7.748163450875299452e-01
1.383127802937609901e-03 7.838418784550447160e-01
1.400130923847573827e-03 7.929681424300065729e-01
1.417343068189837402e-03 8.021961392892671405e-01
1.434766805539449460e-03 8.115268795903880505e-01
1.452404737059858914e-03 8.209613815050105234e-01
1.470259495891243018e-03 8.305006691278115083e-01
1.488333747543596789e-03 8.401457406356932500e-01
1.506630190294666865e-03 8.498975694883497134e-01
1.525151555592778796e-03 8.597571325688517785e-01
1.543900608464600279e-03 8.697254111813452759e-01
1.562880147927935524e-03 8.798033909966485044e-01
1.582093007409583708e-03 8.899920622157501127e-01
1.601542055168337416e-03 9.002924193828131250e-01
1.621230194723180702e-03 9.107054611456458781e-01
1.641160365286750732e-03 9.212321901621758347e-01
1.661335542204127628e-03 9.318736094329327369e-01
1.681758737397024295e-03 9.426307109473957002e-01
1.702432999813421974e-03 9.535044858053565164e-01
1.723361415882754526e-03 9.644959276788799274e-01
1.744547109976666817e-03 9.756060324775839288e-01
1.765993244875452804e-03 9.868357908418302626e-01
1.787703022240221245e-03 9.981861854651050692e-01
1.809679683090866876e-03 1.009658199599570816e+00
1.831926508289917098e-03 1.021252817496890675e+00
1.854446819032326815e-03 1.032971021269426304e+00
1.877243977341293626e-03 1.044813779421560840e+00
1.900321386570175564e-03 1.056782055933908504e+00
1.923682491910560155e-03 1.068876814061879843e+00
1.947330780906607111e-03 1.081099015164971755e+00
1.971269783975684604e-03 1.093449605643290967e+00
1.995503074935427255e-03 1.105929519467465205e+00
2.020034271537266175e-03 1.118539687571444396e+00
2.044867036006514736e-03 1.131281037554624946e+00
2.070005075589098978e-03 1.144154483474259187e+00
2.095452143105005528e-03 1.157160922156229566e+00
2.121212037508531795e-03 1.170301244581937850e+00
2.147288604455437327e-03 1.183576336221437764e+00
2.173685736877039275e-03 1.196987065922815230e+00
2.200407375561392025e-03 1.210534278686440368e+00
2.227457509741605658e-03 1.224218810359328558e+00
2.254840177691381717e-03 1.238041488463265116e+00
2.282559467327887302e-03 1.252003120180232187e+00
2.310619516822033388e-03 1.266104486719881628e+00
2.339024515216256254e-03 1.280346357535321555e+00
2.367778703049891811e-03 1.294729490194560739e+00
2.396886372992239073e-03 1.309254614390076066e+00
2.426351870483413418e-03 1.323922432487976586e+00
2.456179594383059439e-03 1.338733632544180319e+00
2.486373997627053505e-03 1.353688884572992635e+00
2.516939587892286657e-03 1.368788818809341112e+00
2.547880928269592032e-03 1.384034038755051821e+00
2.579202637944972946e-03 1.399425130219672075e+00
2.610909392889190165e-03 1.414962651454959364e+00
2.643005926555831980e-03 1.430647122692104034e+00
2.675497030587964224e-03 1.446479041343755378e+00
2.708387555533466051e-03 1.462458879985274907e+00
2.741682411569159889e-03 1.478587058713688007e+00
2.775386569233854843e-03 1.494863958145200789e+00
2.809505060170369890e-03 1.511289933155740339e+00
2.844042977876726393e-03 1.527865301691706978e+00
2.879005478466524232e-03 1.544590339567845305e+00
2.914397781438704971e-03 1.561465292898539747e+00
2.950225170456759714e-03 1.578490365044768140e+00
2.986492994137517412e-03 1.595665689875591431e+00
3.023206666849634176e-03 1.612991361105501786e+00
3.060371669521894187e-03 1.630467434922938663e+00
3.097993550461447532e-03 1.648093916471853770e+00
3.136077926182120282e-03 1.665870769372860050e+00
3.174630482242874006e-03 1.683797912596766810e+00
3.213656974096618969e-03 1.701875183886601306e+00
3.253163227949415308e-03 1.720102363301169390e+00
3.293155141630270746e-03 1.738479184900002750e+00
3.333638685471616847e-03 1.757005322043216466e+00
3.374619903200607764e-03 1.775680396220695290e+00
3.416104912841382880e-03 1.794503971109266294e+00
3.458099907628414769e-03 1.813475515041981456e+00
3.500611156931085575e-03 1.832594432219696756e+00
3.543645007189645795e-03 1.851860073049203637e+00
3.587207882862641743e-03 1.871271731721617870e+00
3.631306287386027246e-03 1.890828645726969848e+00
3.675946804144059749e-03 1.910529950752958062e+00
3.721136097452103133e-03 1.930374666804008932e+00
3.766880913551547572e-03 1.950361749837753900e+00
3.813188081616942279e-03 1.970490107908008603e+00
3.860064514775513739e-03 1.990758592935158777e+00
3.907517211139212993e-03 2.011165961344682618e+00
3.955553254849453713e-03 2.031710827133487829e+00
4.004179817134703723e-03 2.052391724465443712e+00
4.053404157381047465e-03 2.073207146240502841e+00
4.103233624215938020e-03 2.094155533962653859e+00
4.153675656605276129e-03 2.115235200921407710e+00
4.204737784963937658e-03 2.136444257702069915e+00
4.256427632279992379e-03 2.157780732970111082e+00
4.308752915252728535e-03 2.179242698638832465e+00
4.361721445444660152e-03 2.200828198462037921e+00
4.415341130447712238e-03 2.222535071625449277e+00
4.469619975063727005e-03 2.244360938131486627e+00
4.524566082499483638e-03 2.266303336469178031e+00
4.580187655576437207e-03 2.288359747872708017e+00
4.636492997955269507e-03 2.310527582210043729e+00
4.693490515375567558e-03 2.332804219591482653e+00
4.751188716910671392e-03 2.355186940162982800e+00
4.809596216237999912e-03 2.377672751991823930e+00
4.868721732924970180e-03 2.400258502738235045e+00
4.928574093730725240e-03 2.422941076601955679e+00
4.989162233923869101e-03 2.445717332377004727e+00
5.050495198616402302e-03 2.468583941195065634e+00
5.112582144114043679e-03 2.491537407847340013e+00
5.175432339283184656e-03 2.514574086272978182e+00
5.239055166934587088e-03 2.537690207956347699e+00
5.303460125224170735e-03 2.560882089374860282e+00
5.368656829070942403e-03 2.584146029990282312e+00
5.434655011592412835e-03 2.607477820304125338e+00
5.501464525557634919e-03 2.630873009866952383e+00
5.569095344858107817e-03 2.654327665512699053e+00
5.637557565996765586e-03 2.677837830860558377e+00
5.706861409595265396e-03 2.701398707141343891e+00
5.777017221919807793e-03 2.725005503043516963e+00
5.848035476425734493e-03 2.748654046437861265e+00
5.919926775321061527e-03 2.772339542850250638e+00
5.992701851149285185e-03 2.796056373681114593e+00
6.066371568391642002e-03 2.819799886420749413e+00
6.140946925089018835e-03 2.843565727961717027e+00
6.216439054483853879e-03 2.867347961960008185e+00
6.292859226682198659e-03 2.891140972942485732e+00
6.370218850336215044e-03 2.914940437773195558e+00
6.448529474347352783e-03 2.938740896224750543e+00
6.527802789590464276e-03 2.962536130028697645e+00
6.608050630659141958e-03 2.986320342558689056e+00
6.689284977632448288e-03 3.010088027988504056e+00
6.771517957863423462e-03 3.033833769665002400e+00
6.854761847789579005e-03 3.057551457040565523e+00
6.939029074765589757e-03 3.081234859647608459e+00
7.024332218918578896e-03 3.104877906955878064e+00
7.110684015026184218e-03 3.128474531061089081e+00
7.198097354417707511e-03 3.152018552320283717e+00
7.286585286898648872e-03 3.175503723619452323e+00
7.376161022698879237e-03 3.198924005910521728e+00
7.466837934444806729e-03 3.222272354002638561e+00
7.558629559155713787e-03 3.245541753582364297e+00
7.651549600264697867e-03 3.268727330882639670e+00
7.745611929664460334e-03 3.291821845804947078e+00
7.840830589778174237e-03 3.314817557239449375e+00
7.937219795655887228e-03 3.337707886404764679e+00
8.034793937096657360e-03 3.360486619009297460e+00
8.133567580796785199e-03 3.383146819444761810e+00
8.233555472524451899e-03 3.405681572211416430e+00
8.334772539321093701e-03 3.428083734510419145e+00
8.437233891729829446e-03 3.450345262000700686e+00
8.540954826051326207e-03 3.472460192504293275e+00
8.645950826627297331e-03 3.494421960459663357e+00
8.752237568152207089e-03 3.516222178595433068e+00
8.859830918013265194e-03 3.537852770813547210e+00
8.968746938659269766e-03 3.559307370817304417e+00
9.079001889998550290e-03 3.580578151257161501e+00
9.190612231826376585e-03 3.601658342915484923e+00
9.303594626282217159e-03 3.622538748699912770e+00
9.417965940337209504e-03 3.643212687504975289e+00
9.533743248312187557e-03 3.663673160975234211e+00
9.650943834426727735e-03 3.683910251619315623e+00
9.769585195379421744e-03 3.703916373901970704e+00
9.889685042959964201e-03 3.723684999002417673e+00
1.001126130669334133e-02 3.743206162069907528e+00
1.013433213651645376e-02 3.762472776697005195e+00
1.025891590548772686e-02 3.781475749349482829e+00
1.038503121252998436e-02 3.800207104182281803e+00
1.051269688520706062e-02 3.818657922775681168e+00
1.064193198253452453e-02 3.836818874007712044e+00
1.077275579782501110e-02 3.854683018833652941e+00
1.090518786156843313e-02 3.872238949882834458e+00
1.103924794434769929e-02 3.889478910488847418e+00
1.117495605979021769e-02 3.906394752142543947e+00
1.131233246755570035e-02 3.922973577510823429e+00
1.145139767636072989e-02 3.939208996367633997e+00
1.159217244704041638e-02 3.955089978848428167e+00
1.173467779564779483e-02 3.970606874087770244e+00
1.187893499659126335e-02 3.985750364827316705e+00
1.202496558581059999e-02 4.000510682620112668e+00
1.217279136399208005e-02 4.014875826453343066e+00
1.232243439982299259e-02 4.028837080501697088e+00
1.247391703328628622e-02 4.042384410898819169e+00
1.262726187899566865e-02 4.055504900126366330e+00
1.278249182957168911e-02 4.068191217414187655e+00
1.293963005905939337e-02 4.080430081085238747e+00
1.309870002638786717e-02 4.092211713151354679e+00
1.325972547887243995e-02 4.103524146895582092e+00
1.342273045575986291e-02 4.114360778398459928e+00
1.358773929181708758e-02 4.124704266519682250e+00
1.375477662096421562e-02 4.134548934376618412e+00
1.392386737995198083e-02 4.143880209186005636e+00
1.409503681208456975e-02 4.152688270962969774e+00
1.426831047098814885e-02 4.160963301083238974e+00
1.444371422442571745e-02 4.168693147639256580e+00
1.462127425815886589e-02 4.175866162422940953e+00
1.480101707985705117e-02 4.182475062328869342e+00
1.498296952305481350e-02 4.188504830635894294e+00
1.516715875115776276e-02 4.193948362343249414e+00
1.535361226149775139e-02 4.198793061799525717e+00
1.554235788943789456e-02 4.203028111958709623e+00
1.573342381252813144e-02 4.206647217304597675e+00
1.592683855471171278e-02 4.209635869150949894e+00
1.612263099058356547e-02 4.211986678221617098e+00
1.632083034970091551e-02 4.213690072167605827e+00
1.652146622094691555e-02 4.214735411098874174e+00
1.672456855694797601e-02 4.215118920338117192e+00
1.693016767854527149e-02 4.214825026379955375e+00
1.713829427932133526e-02 4.213848850867957907e+00
1.734897943018225488e-02 4.212181210926130959e+00
1.756225458399618411e-02 4.209817905344408473e+00
1.777815158028896170e-02 4.206745574546962629e+00
1.799670264999727112e-02 4.202960867708860349e+00
1.821794042028043736e-02 4.198456787938805945e+00
1.844189791939125633e-02 4.193227681542717633e+00
1.866860858160671391e-02 4.187265437682702540e+00
1.889810625221941681e-02 4.180569757025670796e+00
1.913042519259020025e-02 4.173124267158017986e+00
1.936560008526300863e-02 4.164938528193497191e+00
1.960366603914260805e-02 4.155998285656154145e+00
1.984465859473589708e-02 4.146303970805330863e+00
2.008861372945779794e-02 4.135854473027389844e+00
2.033556786300213040e-02 4.124641850546868937e+00
2.058555786277874514e-02 4.112668582274688234e+00
2.083862104941738153e-02 4.099935139829936404e+00
2.109479520233917965e-02 4.086437807039186687e+00
2.135411856539681796e-02 4.072173527005555904e+00
2.161662985258372069e-02 4.057153320160972854e+00
2.188236825381373318e-02 4.041360087069919338e+00
2.215137344077166767e-02 4.024818493160958077e+00
2.242368557283584002e-02 4.007520241718550480e+00
2.269934530307346487e-02 3.989469086544949583e+00
2.297839378430957882e-02 3.970677505308525035e+00
2.326087267527075092e-02 3.951135545522387993e+00
2.354682414680425023e-02 3.930871451624462942e+00
2.383629088817362796e-02 3.909871816289427926e+00
2.412931611343184166e-02 3.888164580920354219e+00
2.442594356787245596e-02 3.865740721450785511e+00
2.472621753456042543e-02 3.842629244896461849e+00
2.503018284094300772e-02 3.818836670410066247e+00
2.533788486554200067e-02 3.794367055168995417e+00
2.564936954472819136e-02 3.769246494782265255e+00
2.596468337957923839e-02 3.743474791543927260e+00
2.628387344282159463e-02 3.717087788964164474e+00
2.660698738585802470e-02 3.690086036361455601e+00
2.693407344588138672e-02 3.662503023229730204e+00
2.726518045307585458e-02 3.634342430626804621e+00
2.760035783790682276e-02 3.605636462715215540e+00
2.793965563850014239e-02 3.576397819167737246e+00
2.828312450811233322e-02 3.546654908391910332e+00
2.863081572269251737e-02 3.516432089795760163e+00
2.898278118853729601e-02 3.485746017008226616e+00
2.933907345003987019e-02 3.454633169710355389e+00
2.969974569753415505e-02 3.423112487091543699e+00
3.006485177523559107e-02 3.391218572740668069e+00
3.043444618927943282e-02 3.358972431211566967e+00
3.080858411585787188e-02 3.326408910313631395e+00
3.118732140945730882e-02 3.293550357143923524e+00
3.157071461119662081e-02 3.260429239282451874e+00
3.195882095726820804e-02 3.227092693640764676e+00
3.235169838748268301e-02 3.193550790786954252e+00
3.274940555391857300e-02 3.159856134139603867e+00
3.315200182967852072e-02 3.126017612777560739e+00
3.355954731775284000e-02 3.092100052490379003e+00
3.397210285999230361e-02 3.058118079460887540e+00
3.438973004619112067e-02 3.024107664766798376e+00
3.481249122328151924e-02 2.990108288373931167e+00
3.524044950464159248e-02 2.956157570043297600e+00
3.567366877951718557e-02 2.922275660627653870e+00
3.611221372255994655e-02 2.888513373890907232e+00
3.655614980348249887e-02 2.854901173532069514e+00
3.700554329683226201e-02 2.821474029964096797e+00
3.746046129188562723e-02 2.788255977889289472e+00
3.792097170266340439e-02 2.755304501446201204e+00
3.838714327806972554e-02 2.722621326176444256e+00
3.885904561215545311e-02 2.690262953712451832e+00
3.933674915450773718e-02 2.658252252455902909e+00
3.982032522076745656e-02 2.626616456336986705e+00
4.030984600327560535e-02 2.595388283809266117e+00
4.080538458185093559e-02 2.564604286276506162e+00
4.130701493469988994e-02 2.534278377579748387e+00
4.181481194946069790e-02 2.504437968209292098e+00
4.232885143438318981e-02 2.475112031497314735e+00
4.284921012964627851e-02 2.446323709556220916e+00
4.337596571881412177e-02 2.418087462817490874e+00
4.390919684043356058e-02 2.390422444785195832e+00
4.444898309977388801e-02 2.363348818458564704e+00
4.499540508071097483e-02 2.336879253773536114e+00
4.554854435775770177e-02 2.311024245071988670e+00
4.610848350824179459e-02 2.285788084583186830e+00
4.667530612463386547e-02 2.261194578356476637e+00
4.724909682702677083e-02 2.237230754934733667e+00
4.782994127576836035e-02 2.213899265013314466e+00
4.841792618424977518e-02 2.191202076607802418e+00
4.901313933185045407e-02 2.169143486330750825e+00
4.961566957704281050e-02 2.147712580227230994e+00
5.022560687065770468e-02 2.126911314988346291e+00
5.084304226931302129e-02 2.106692095115492602e+00
5.146806794900759402e-02 2.087047178508879330e+00
5.210077721888168450e-02 2.067952118621733337e+00
5.274126453514721424e-02 2.049405147118561032e+00
5.338962551518887378e-02 2.031349766829718018e+00
5.404595695183871812e-02 2.013774407117740139e+00
5.471035682782636467e-02 1.996640563729332074e+00
5.538292433040643142e-02 1.979904730944985980e+00
5.606375986616621981e-02 1.963528256777639092e+00
5.675296507601522433e-02 1.947471909039581783e+00
5.745064285035889756e-02 1.931688374932396757e+00
5.815689734445923104e-02 1.916117412955577359e+00
5.887183399398359523e-02 1.900712750199668788e+00
5.959555953074527346e-02 1.885425135018174991e+00
6.032818199863729247e-02 1.870195518034324600e+00
6.106981076976201323e-02 1.854959175324490284e+00
6.182055656075940986e-02 1.839660039970596683e+00
6.258053144933539702e-02 1.824240923600416897e+00
6.334984889099400107e-02 1.808639383994870009e+00
6.412862373597490173e-02 1.792794931967033545e+00
6.491697224639918218e-02 1.776649559004207068e+00
6.571501211362618111e-02 1.760145580358077444e+00
6.652286247582307743e-02 1.743226354239711506e+00
6.734064393575106555e-02 1.725839813474168372e+00
6.816847857876999484e-02 1.707938816868951104e+00
6.900648999106419323e-02 1.689479942841251470e+00
6.985480327809245882e-02 1.670424457768259652e+00
7.071354508326511967e-02 1.650737558072664646e+00
7.158284360685006342e-02 1.630393159212536025e+00
7.246282862511176093e-02 1.609372490355970964e+00
7.335363150968536583e-02 1.587662079507161650e+00
7.425538524718887368e-02 1.565261614394889200e+00
7.516822445907685168e-02 1.542176732207314993e+00
7.609228542173732124e-02 1.518420008717545233e+00
7.702770608683666420e-02 1.494019645393720008e+00
7.797462610191405186e-02 1.469007902336129101e+00
7.893318683122922674e-02 1.443425061708676349e+00
7.990353137686678764e-02 1.417328963013160026e+00
8.088580460009925366e-02 1.390779359828855588e+00
8.188015314301350100e-02 1.363843085874089311e+00
8.288672545040266793e-02 1.336603981416617071e+00
8.390567179192714997e-02 1.309144997561465962e+00
8.493714428454846033e-02 1.281553958680250460e+00
8.598129691523806462e-02 1.253933059713754128e+00
8.703828556396617233e-02 1.226380422253779301e+00
8.810826802697276083e-02 1.198996022962923513e+00
8.919140404032466218e-02 1.171888541644641846e+00
9.028785530376259860e-02 1.145159561540058712e+00
9.139778550484066455e-02 1.118909273457159737e+00
9.252136034336327919e-02 1.093239041765476705e+00
9.365874755612217661e-02 1.068241392928887201e+00
9.481011694193751393e-02 1.044003442246051572e+00
9.597564038700726052e-02 1.020606683114497981e+00
9.715549189056721380e-02 9.981234045490796625e-01
9.834984759086748407e-02 9.766127298492301989e-01
9.955888579146786321e-02 9.561250465707167301e-01
1.007827869878563237e-01 9.366998642133077535e-01
1.020217338943953528e-01 9.183580886992808168e-01
1.032759114715984666e-01 9.011151271519817207e-01
1.045455069537431780e-01 8.849676679701317106e-01
1.058307098768226928e-01 8.698977489764059268e-01
1.071317121068414563e-01 8.558801793376606959e-01
1.084487078684588934e-01 8.428625509741262123e-01
1.097818937739843265e-01 8.307884521502963970e-01
1.111314688527292871e-01 8.195831630739478513e-01
1.124976345807202904e-01 8.091595959163582208e-01
1.138805949107767890e-01 7.994232774278039466e-01
1.152805563029589558e-01 7.902599835777966986e-01
1.166977277553901959e-01 7.815541987378702427e-01
1.181323208354574800e-01 7.731762993358833880e-01
1.195845497113963846e-01 7.649953656595669393e-01
1.210546311842638639e-01 7.568770959291497569e-01
1.225427847203039433e-01 7.486873288450875963e-01
1.240492324837121074e-01 7.402970342314241226e-01
1.255741993698010206e-01 7.315827879039846771e-01
1.271179130385753919e-01 7.224334100761349298e-01
1.286806039487187747e-01 7.127526257041366664e-01
1.302625053919983233e-01 7.024610947052806198e-01
1.318638535280930724e-01 6.915023244036996308e-01
1.334848874198491242e-01 6.798410729805113295e-01
1.351258490689694058e-01 6.674714147889655447e-01
1.367869834521417138e-01 6.544101933130292981e-01
1.384685385576106820e-01 6.407034500962994761e-01
1.401707654222001942e-01 6.264198311858172330e-01
1.418939181687894069e-01 6.116532462835456707e-01
1.436382540442510125e-01 5.965172804387294248e-01
1.454040334578549920e-01 5.811419573997435029e-01
1.471915200201446006e-01 5.656703916236828222e-01
1.490009805822910816e-01 5.502504251017956705e-01
1.508326852759304115e-01 5.350339178318505029e-01
1.526869075534915965e-01 5.201672202555953639e-01
1.545639242290197390e-01 5.057911090243772945e-01
1.564640155195010651e-01 4.920310969214233277e-01
1.583874650866966827e-01 4.789953243865362476e-01
1.603345600794890968e-01 4.667656651571561732e-01
1.623055911767508908e-01 4.554015054382399841e-01
1.643008526307395967e-01 4.449372827542730224e-01
1.663206423110258625e-01 4.353794697673240011e-01
1.683652617489627690e-01 4.267044257776902438e-01
1.704350161827000165e-01 4.188595710601356048e-01
1.725302146027528905e-01 4.117694814841816875e-01
1.746511697981311673e-01 4.053336377498852894e-01
1.767981984030344011e-01 3.994307154279811978e-01
1.789716209441227224e-01 3.939265917852298737e-01
1.811717618883666447e-01 3.886815160506995603e-01
1.833989496914868456e-01 3.835736720026636792e-01
1.856535168469888308e-01 3.784607631307096431e-01
1.879357999358000353e-01 3.731627412451600789e-01
1.902461396765183776e-01 3.675546549994968548e-01
1.925848809762763791e-01 3.615416917155168108e-01
1.949523729822326412e-01 3.550523978956309779e-01
1.973489691336953178e-01 3.480571079642328924e-01
1.997750272148864914e-01 3.405648153379701726e-01
2.022309094083550307e-01 3.326248893614666136e-01
2.047169823490472274e-01 3.243234947752203778e-01
2.072336171790397363e-01 3.157712262726884433e-01
2.097811896029478096e-01 3.070960820368325850e-01
2.123600799440133469e-01 2.984359708615626494e-01
2.149706732008826171e-01 2.899243598136467814e-01
2.176133591050830873e-01 2.816798144595100695e-01
2.202885321792042994e-01 2.738104542325576762e-01
2.229965917957966726e-01 2.664022978584037471e-01
2.257379422369929223e-01 2.595159288851983104e-01
2.285129927548624207e-01 2.531901569384398254e-01
2.313221576325088791e-01 2.474309255156041942e-01
2.341658562459165704e-01 2.422083555452457238e-01
2.370445131265592476e-01 2.374763135896292565e-01
2.399585580247776961e-01 2.331501864073809716e-01
2.429084259739361096e-01 2.291209848438113816e-01
2.458945573553686648e-01 2.252706206805204781e-01
2.489173979641218781e-01 2.214815168236112519e-01
2.519773990755075910e-01 2.176409648269180264e-01
2.550750175124730790e-01 2.136577762392457280e-01
2.582107157137990550e-01 2.094720764200169727e-01
2.613849618031375277e-01 2.050492379966983858e-01
2.645982296588958449e-01 2.003840311989059375e-01
2.678509989849821582e-01 1.955020476143974340e-01
2.711437553824195268e-01 1.904561176508105247e-01
2.744769904218402057e-01 1.853248943316757602e-01
2.778512017168727199e-01 1.802014180763905626e-01
2.812668929984280530e-01 1.751844719301628162e-01
2.847245741899020466e-01 1.703669215159503703e-01
2.882247614833008953e-01 1.658210514791040868e-01
2.917679774163022821e-01 1.615880619959148279e-01
2.953547509502652546e-01 1.576822783361304936e-01
2.989856175491967250e-01 1.540845039642848580e-01
3.026611192596909139e-01 1.507508588405451211e-01
3.063818047918504539e-01 1.476258139821318427e-01
3.101482296012021966e-01 1.446430857685414573e-01
3.139609559716216025e-01 1.417323083500742487e-01
3.178205530992733729e-01 1.388249016804833924e-01
3.217275971775871990e-01 1.358628764894351804e-01
3.256826714832762315e-01 1.328105431414329241e-01
3.296863664634139823e-01 1.296581595646449647e-01
3.337392798235805369e-01 1.264253731763513577e-01
3.378420166170947314e-01 1.231523017252434266e-01
3.419951893353396777e-01 1.198884703400444340e-01
3.461994179992016751e-01 1.166844377572973102e-01
3.504553302516322799e-01 1.135854748277288911e-01
3.547635614513474644e-01 1.106287213124722696e-01
3.591247547676810759e-01 1.078382673465115849e-01
3.635395612766002538e-01 1.052199535708708555e-01
3.680086400579051231e-01 1.027564306398395660e-01
3.725326582936214215e-01 1.004128800508072294e-01
3.771122913676027144e-01 9.814495872288613032e-02
3.817482229663590743e-01 9.591283495842090057e-02
3.864411451811211040e-01 9.368831579648642660e-02
3.911917586111628431e-01 9.145541217063317407e-02
3.960007724683928254e-01 8.920825866784801161e-02
4.008689046832307756e-01 8.695193564085278159e-02
4.057968820117880959e-01 8.470382798306290428e-02
4.107854401443614689e-01 8.249103389485608340e-02
4.158353238152650566e-01 8.034026364192564662e-02
4.209472869140097884e-01 7.826892787889051795e-02
4.261220925978504437e-01 7.628234400857138164e-02
4.313605134057177382e-01 7.437836594518197619e-02
4.366633313735467925e-01 7.255101623325675708e-02
4.420313381510282413e-01 7.078908633854708032e-02
4.474653351197914741e-01 6.907411117999807948e-02
4.529661335130415467e-01 6.738590559242191302e-02
4.585345545366687481e-01 6.571188231660718415e-02
4.641714294918424799e-01 6.405051366776397248e-02
4.698775998991165381e-01 6.240675604955855937e-02
4.756539176240583422e-01 6.078706567983697268e-02
4.815012450044219294e-01 5.920067796953149691e-02
4.874204549788870855e-01 5.766076258495817647e-02
4.934124312173761018e-01 5.617706488947102339e-02
4.994780682529774696e-01 5.474870951018092485e-02
5.056182716154888901e-01 5.336621547074948263e-02
5.118339579666020267e-01 5.202032170018164314e-02
5.181260552367514816e-01 5.070448951854963221e-02
5.244955027636410971e-01 4.941172665765800748e-02
5.309432514324781138e-01 4.813700727784400030e-02
5.374702638179295056e-01 4.688315122326049134e-02
5.440775143278216985e-01 4.565778746434251412e-02
5.507659893486118730e-01 4.446528584828464414e-02
5.575366873926398403e-01 4.330516679247754797e-02
5.643906192471971339e-01 4.217867728014847856e-02
5.713288081254249695e-01 4.108617596466614813e-02
5.783522898190689432e-01 4.002276373535990778e-02
5.854621128531091179e-01 3.898290242948455886e-02
5.926593386422963627e-01 3.796605976265252785e-02
5.999450416496046046e-01 3.697210841831892469e-02
6.073203095466390700e-01 3.599881084961430167e-02
6.147862433760120648e-01 3.504765772813629721e-02
6.223439577157154901e-01 3.412279740211281859e-02
6.299945808455168494e-01 3.322340420757761287e-02
6.377392549153949597e-01 3.234698209526157275e-02
6.455791361160521102e-01 3.149424613735194584e-02
6.535153948515193267e-01 3.066322662446531455e-02
6.615492159138840478e-01 2.985047233034046968e-02
6.696817986601676376e-01 2.905718087530504909e-02
6.779143571913727184e-01 2.828436846735066582e-02
6.862481205337364054e-01 2.752984022398692263e-02
6.946843328222092051e-01 2.679502370672794120e-02
7.032242534861895544e-01 2.608060869895355988e-02
7.118691574375448639e-01 2.538370974469934815e-02
7.206203352609370505e-01 2.470454139118787376e-02
7.294790934064945276e-01 2.404311390174108248e-02
7.384467543848495241e-01 2.339712996851862556e-02
7.475246569645732642e-01 2.276787596973894878e-02
7.567141563720415354e-01 2.215541356329547851e-02
7.660166244937495206e-01 2.155847363122201377e-02
7.754334500811224107e-01 2.097671389589341601e-02
7.849660389578384523e-01 2.040980573050004201e-02
7.946158142297021776e-01 1.985742492777126111e-02
8.043842164971002351e-01 1.931925176719983747e-02
8.142727040700622476e-01 1.879497107464965511e-02
8.242827531859725498e-01 1.828427227241605571e-02
8.344158582299546767e-01 1.778684391951938087e-02
8.446735319579652401e-01 1.730236292580345295e-02
8.550573057226340534e-01 1.683051007760571344e-02
8.655687297018725967e-01 1.637097350575283591e-02
8.762093731303011168e-01 1.592344853167139418e-02
8.869808245335163432e-01 1.548763751630118091e-02
8.978846919652391234e-01 1.506324971177152618e-02
9.089226032473820549e-01 1.465000111580123249e-02
9.200962062130594310e-01 1.424761432878372466e-02
9.314071689525926789e-01 1.385581844406337700e-02
9.428571800625367150e-01 1.347434941318331747e-02
9.544479488977678505e-01 1.310294976840007189e-02
9.661812058266696646e-01 1.274136800546757722e-02
9.780587024894612513e-01 1.238935844451978865e-02
9.900822120596906029e-01 1.204668110943072495e-02
1.002253529508952745e+00 1.171310160923865265e-02
1.014574471874860384e+00 1.138839102161276311e-02
1.027046878532301699e+00 1.107232577834024907e-02
1.039672611468040797e+00 1.076468755281095174e-02
1.052453555558690690e+00 1.046526314947714316e-02
1.065391618852103539e+00 1.017384439526572600e-02
1.078488732852220133e+00 9.890228032919924639e-03
1.091746852807420787e+00 9.614215619657149117e-03
1.105167958002422512e+00 9.345613579711387411e-03
1.118754052053759773e+00 9.084233146322437391e-03
1.132507163208911871e+00 8.829890035474276255e-03
1.146429344649082083e+00 8.582404333223421153e-03
1.160522674795724019e+00 8.341600402930962263e-03
1.174789257620822758e+00 8.107306794116470386e-03
1.189231222960995149e+00 7.879356152916525483e-03
1.203850726835448137e+00 7.657585134130325509e-03
1.218649951767849071e+00 7.441834314834885195e-03
1.233631107112150405e+00 7.231948109552088083e-03
1.248796429382421191e+00 7.027774686949602757e-03
1.264148182586733338e+00 6.829165888057638599e-03
1.279688658565148351e+00 6.635977145983510371e-03
1.295420177331873646e+00 6.448067407105335588e-03
1.311345087421599054e+00 6.265299053727180038e-03
1.327465766240115030e+00 6.087537828176441124e-03
1.343784620419230080e+00 5.914652758287926651e-03
1.360304086176053362e+00 5.746516034196411452e-03
1.377026629676693759e+00 5.583002847135535435e-03
1.393954747404430039e+00 5.423991454473260643e-03
1.411090966532406732e+00 5.269363138440489105e-03
1.428437845300912334e+00 5.119002136853728971e-03
1.445997973399292702e+00 4.972795575237765747e-03
1.463773972352572450e+00 4.830633400325702251e-03
1.481768495912801686e+00 4.692408314914471579e-03
1.499984230455242429e+00 4.558015714053277774e-03
1.518423895379410249e+00 4.427353622543421519e-03
1.537090243515048860e+00 4.300322633727575276e-03
1.555986061533097375e+00 4.176825849547159512e-03
1.575114170361706645e+00 4.056768821846292936e-03
1.594477425607372378e+00 3.940059494901408145e-03
1.614078717981243472e+00 3.826608149155428032e-03
1.633920973730669690e+00 3.716327346135897894e-03
1.654007155076069102e+00 3.609131874536450433e-03
1.674340260653133683e+00 3.504938697441614421e-03
1.694923325960504989e+00 3.403666900059490984e-03
1.715759423812935225e+00 3.305237608794693409e-03
1.736851664800022954e+00 3.209573932165126191e-03
1.758203197750589419e+00 3.116600958116113110e-03
1.779817210202761402e+00 3.026245709887105586e-03
1.801696928879833903e+00 2.938437099081560137e-03
1.823845620171983706e+00 2.853105879777073552e-03
1.846266590623899306e+00 2.770184603655802182e-03
1.868963187428425599e+00 2.689607576135384301e-03
1.891938798926237730e+00 2.611310813481145660e-03
1.915196855111697793e+00 2.535232000880146327e-03
1.938740828144908335e+00 2.461310451458459132e-03
1.962574232870067048e+00 2.389487066223005846e-03
1.986700627340191705e+00 2.319704294909708323e-03
2.011123613348296590e+00 2.251906097719890473e-03
2.035846836965100159e+00 2.186037907927289390e-03
2.060873989083339186e+00 2.122046595338169649e-03
2.086208805968778446e+00 2.059880430587381767e-03
2.111855069817985875e+00 1.999489050253493768e-03
2.137816609322990669e+00 1.940823422680301941e-03
2.164097300242836308e+00 1.883835812739726584e-03
2.190701065982201712e+00 1.828479749655388805e-03
2.217631878177119820e+00 1.774709997300201805e-03
2.244893757287893976e+00 1.722482523216647531e-03
2.272490773199308922e+00 1.671754468274289909e-03
2.300427045828215000e+00 1.622484117037352024e-03
2.328706745738587269e+00 1.574630868827491328e-03
2.357334094764140797e+00 1.528155209467152399e-03
2.386313366638597167e+00 1.483018683689168006e-03
2.415648887633723430e+00 1.439183868198400671e-03
2.445345037205166161e+00 1.396614345371747709e-03
2.475406248646272012e+00 1.355274677582664952e-03
2.505837009749923627e+00 1.315130382137023922e-03
2.536641863478514836e+00 1.276147906807063078e-03
2.567825408642162355e+00 1.238294605950588561e-03
2.599392300585256166e+00 1.201538717202728021e-03
2.631347251881448024e+00 1.165849338727842268e-03
2.663695033037185578e+00 1.131196407019364938e-03
2.696440473203886246e+00 1.097550673795351416e-03
2.729588460898899172e+00 1.064883670088665087e-03
2.763143944735269031e+00 1.033167693623013392e-03
2.797111934160529501e+00 1.002375799910748761e-03
2.831497500204551709e+00 9.724817825721786919e-04
2.866305776236589775e+00 9.434601539563101805e-04
2.901541958731633564e+00 9.152861262431319063e-04
2.937211308046183689e+00 8.879355930163238333e-04
2.973319149203560219e+00 8.613851112955331129e-04
3.009870872688869881e+00 8.356118840175604271e-04
3.046871935253735231e+00 8.105937429560523344e-04
3.084327860730950110e+00 7.863091320694498955e-04
3.122244240859088027e+00 7.627370912672812612e-04
3.160626736117308599e+00 7.398572405849166951e-04
3.199481076570394933e+00 7.176497647572796382e-04
3.238813062724188008e+00 6.960953981821113969e-04
3.278628566391533550e+00 6.751754102636191648e-04
3.318933531568877715e+00 6.548715911275264975e-04
3.359733975323636823e+00 6.351662376987340106e-04
3.401035988692475254e+00 6.160421404980520165e-04
3.442845737590629174e+00 5.974825724734787605e-04
3.485169463732398221e+00 5.794712743730498017e-04
3.528013485562988993e+00 5.619924410799095578e-04
3.571384199201746323e+00 5.450307094062813900e-04
3.615288079397047216e+00 5.285711462033151117e-04
3.659731680492897432e+00 5.125992367753086452e-04
3.704721637407423884e+00 4.971008735910150593e-04
3.750264666623386756e+00 4.820623452849086363e-04
3.796367567190876535e+00 4.674703259414375177e-04
3.843037221742331866e+00 4.533118646554404785e-04
3.890280597520039851e+00 4.395743753620640526e-04
3.938104747416253382e+00 4.262456269296495339e-04
3.986516811026142637e+00 4.133137335092022758e-04
4.035524015713603418e+00 4.007671451342445816e-04
4.085133677690253151e+00 3.885946385648913668e-04
4.135353203107650089e+00 3.767853083702373093e-04
4.186190089162942662e+00 3.653285582431964567e-04
4.237651925218117732e+00 3.542140925421068923e-04
4.289746393933006274e+00 3.434319059799790792e-04
4.342481272412211268e+00 3.329722692237602655e-04
4.395864433366144297e+00 3.228257285469131191e-04
4.449903846286320963e+00 3.129831006888467680e-04
4.504607578635147824e+00 3.034354653368539676e-04
4.559983797050250587e+00 2.941741578098328209e-04
4.616040768563690833e+00 2.851907619386274788e-04
4.672786861836137895e+00 2.764771031379489354e-04
4.730230548406202828e+00 2.680252416649184059e-04
4.788380403955150300e+00 2.598274660594242528e-04
4.847245109587146494e+00 2.518762867615872395e-04
4.906833453125244660e+00 2.441644299017496178e-04
4.967154330423311670e+00 2.366848312585140073e-04
5.028216746694061712e+00 2.294306303804712695e-04
5.090029817853475080e+00 2.223951648673519357e-04
5.152602771881634069e+00 2.155719648064740115e-04
5.215944950200401387e+00 2.089547473604040238e-04
5.280065809067970406e+00 2.025374115019170707e-04
5.344974920990579470e+00 1.963140328939620542e-04
5.410681976151574979e+00 1.902788599441165905e-04
5.477196783858045315e+00 1.844263105473257147e-04
5.544529274005236985e+00 1.787509647412636635e-04
5.612689498558975032e+00 1.732475596481472589e-04
5.681687633056291986e+00 1.679109850527562794e-04
5.751533978124565571e+00 1.627362791004977808e-04
5.822238961019214898e+00 1.577186241124123550e-04
5.893813137180416994e+00 1.528533425140738745e-04
5.966267191808897863e+00 1.481358928754304422e-04
6.039611941461113354e+00 1.435618660586934596e-04
6.113858335664033916e+00 1.391269814714559967e-04
6.189017458549784578e+00 1.348270834222928521e-04
6.265100530510378185e+00 1.306581375761595794e-04
6.342118909872789700e+00 1.266162275069753851e-04
6.420084094594624702e+00 1.226975513448411549e-04
6.499007723980617435e+00 1.188984185154016819e-04
6.578901580420300377e+00 1.152152465689285375e-04
6.659777591146899489e+00 1.116445580967611510e-04
6.741647830017982734e+00 1.081829777209155296e-04
6.824524519317940019e+00 1.048272281633899600e-04
6.908420031582623189e+00 1.015741267973790745e-04
6.993346891446428515e+00 9.842058469377162617e-05
7.079317777512080134e+00 9.536360411300929315e-05
7.166345524243395992e+00 9.240027587299433961e-05
7.254443123881327615e+00 8.952777679096511371e-05
7.343623728383537497e+00 8.674336719733317426e-05
7.433900651387896019e+00 8.404438851951412436e-05
7.525287370199960968e+00 8.142826093385220978e-05
7.617797527805047153e+00 7.889248108376790470e-05
7.711444934904950088e+00 7.643461986232976627e-05
7.806243571979728735e+00 7.405232025747936480e-05
7.902207591374823537e+00 7.174329525819709023e-05
7.999351319413846362e+00 6.950532581993778137e-05
8.097689258537327461e+00 6.733625888770832944e-05
8.197236089467772047e+00 6.523400547520255912e-05
8.298006673401296496e+00 6.319653879845425358e-05
8.400016054226313145e+00 6.122189246250317983e-05
8.503279460769295639e+00 5.930815870060018939e-05
8.607812309068343382e+00 5.745348669138492041e-05
8.713630204674601032e+00 5.565608089646582657e-05
8.820748944981986028e+00 5.391419940869741217e-05
8.929184521585552758e+00 5.222615238124250276e-05
9.038953122668866413e+00 5.059030050356187568e-05
9.150071135420699164e+00 4.900505352093706770e-05
9.262555148481455447e+00 4.746886879631617321e-05
9.376421954419646099e+00 4.598024991331056287e-05
9.491688552238899845e+00 4.453774531919466452e-05
9.608372149915606286e+00 4.313994700680254734e-05
9.726490166967941775e+00 4.178548923423043923e-05
9.846060237056390108e+00 4.047304728129700463e-05
9.967100210616237632e+00 3.920133624173327460e-05
1.008962815752244246e+01 3.796910985010477663e-05
1.021366236978725794e+01 3.677515934249536771e-05
1.033922136429101890e+01 3.561831235000714990e-05
1.046632388554649751e+01 3.449743182415784424e-05
1.059498890849724972e+01 3.341141499328106803e-05
1.072523564135032537e+01 3.235919234311628067e-05
1.085708352844392266e+01 3.133972655039487230e-05
1.099055225315007966e+01 3.035201155949304453e-05
1.112566174081324988e+01 2.939507172792797502e-05
1.126243216172491834e+01 2.846796092563882085e-05
1.140088393413478407e+01 2.756976165848036542e-05
1.154103772729897415e+01 2.669958421719433896e-05
1.168291446456572658e+01 2.585656585113769602e-05
1.182653532649900363e+01 2.503986996606429770e-05
1.197192175404050296e+01 2.424868534527847914e-05
1.211909545171052649e+01 2.348222539349558832e-05
1.226807839084830931e+01 2.273972740276331838e-05
1.241889281289193825e+01 2.202045183981850976e-05
1.257156123269884418e+01 2.132368165426462857e-05
1.272610644190698892e+01 2.064872160698010521e-05
1.288255151233738616e+01 1.999489761817826425e-05
1.304091979943846802e+01 1.936155613455786242e-05
1.320123494577277867e+01 1.874806351499934526e-05
1.336352088454653675e+01 1.815380543427510250e-05
1.352780184318259415e+01 1.757818628097301798e-05
1.369410234693727269e+01 1.702062842345331299e-05
1.386244722256182804e+01 1.648057178812917164e-05
1.403286160200861588e+01 1.595747343976719755e-05
1.420537092618312691e+01 1.545080706569179643e-05
1.438000094874198531e+01 1.496006247436958944e-05
1.455677773993767588e+01 1.448474510886696632e-05
1.473572769051053477e+01 1.402437557474833884e-05
1.491687751562858111e+01 1.357848918199448881e-05
1.510025425887578088e+01 1.314663550053243736e-05
1.528588529628935255e+01 1.272837792898038172e-05
1.547379834044665259e+01 1.232329327622096632e-05
1.566402144460247570e+01 1.193097135542963475e-05
1.585658300687688893e+01 1.155101459019353158e-05
1.605151177449488031e+01 1.118303763236726887e-05
1.624883684807794637e+01 1.082666699132296121e-05
1.644858768598848187e+01 1.048154067426004789e-05
1.665079410872758103e+01 1.014730783725198275e-05
1.685548630338689335e+01 9.823628446714282041e-06
1.706269482815519822e+01 9.510173007320716360e-06
1.727245061688040551e+01 9.206622473762021935e-06
1.748478498368761080e+01 8.912667706245490243e-06
1.769972962765390889e+01 8.628009066649831692e-06
1.791731663754083570e+01 8.352356131858011410e-06
1.813757849658464494e+01 8.085427415614589047e-06
1.836054808734581201e+01 7.826950098587705991e-06
1.858625869661799612e+01 7.576659766400956362e-06
1.881474402039737726e+01 7.334300155406607211e-06
1.904603816891307488e+01 7.099622905977116183e-06
1.928017567171940527e+01 6.872387323099133681e-06
1.951719148285076244e+01 6.652360144059605165e-06
1.975712098603984401e+01 6.439315313019250813e-06
2.000000000000000355e+01 6.233033762275251559e-06
