1.000000000000000048e-04 2.533550633744010017e-01
1.010372699238005166e-04 2.558929889737488472e-01
1.020852991365491452e-04 2.584563295855043519e-01
1.031441992411143572e-04 2.610453394856157572e-01
1.042140829979873234e-04 2.636602754643929680e-01
1.052950643372899586e-04 2.663013968546910637e-01
1.063872583709069545e-04 2.689689655778051969e-01
1.074907814047443251e-04 2.716632461699156620e-01
1.086057509511138955e-04 2.743845058081177957e-01
1.097322857412473941e-04 2.771330143367177756e-01
1.108705057379401880e-04 2.799090442937855472e-01
1.120205321483253795e-04 2.827128709379725380e-01
1.131824874367811252e-04 2.855447722755947160e-01
1.143564953379721649e-04 2.884050290879847100e-01
1.155426808700252901e-04 2.912939249591148805e-01
1.167411703478428729e-04 2.942117463033736557e-01
1.179520913965536672e-04 2.971587823758807811e-01
1.191755729651038120e-04 3.001353252810775585e-01
1.204117453399877773e-04 3.031416700324932600e-01
1.216607401591226150e-04 3.061781145861077191e-01
1.229226904258662995e-04 3.092449598695983792e-01
1.241977305231802139e-04 3.123425098118763343e-01
1.254859962279398730e-04 3.154710713729150795e-01
1.267876247253937351e-04 3.186309545738736926e-01
1.281027546237713222e-04 3.218224725275186660e-01
1.294315259690436836e-04 3.250459414689468862e-01
1.307740802598364883e-04 3.283016807866067643e-01
1.321305604624985381e-04 3.315900130376069899e-01
1.335011110263250775e-04 3.349112639406964242e-01
1.348858778989405621e-04 3.382657624487142023e-01
1.362850085418405616e-04 3.416538407917102949e-01
1.376986519460940428e-04 3.450758345094543933e-01
1.391269586482094759e-04 3.485320824842639276e-01
1.405700807461657395e-04 3.520229269741566025e-01
1.420281719156078239e-04 3.555487136463300613e-01
1.435013874262121313e-04 3.591097916109716182e-01
1.449898841582205320e-04 3.627065134553982828e-01
1.464938206191469707e-04 3.663392352699970655e-01
1.480133569606556488e-04 3.700083166290738523e-01
1.495486549956158765e-04 3.737141206581734432e-01
1.510998782153336235e-04 3.774570140958109499e-01
1.526671918069604720e-04 3.812373673293439347e-01
1.542507626710849322e-04 3.850555544310841904e-01
1.558507594395048472e-04 3.889119531947596853e-01
1.574673524931855483e-04 3.928069451723445460e-01
1.591007139804022981e-04 3.967409157112385953e-01
1.607510178350727399e-04 4.007142539913000068e-01
1.624184397952791630e-04 4.047273530199833602e-01
1.641031574219816434e-04 4.087806096365795283e-01
1.658053501179266914e-04 4.128744246158210784e-01
1.675251991467521144e-04 4.170092027140960278e-01
1.692628876522882817e-04 4.211853527087484617e-01
1.710186006780617287e-04 4.254032874377651208e-01
1.727925251869996107e-04 4.296634238398456818e-01
1.745848500813397737e-04 4.339661829948757710e-01
1.763957662227457412e-04 4.383119901634114912e-01
1.782254664526315745e-04 4.427012747671775217e-01
1.800741456126979086e-04 4.471344704036749329e-01
1.819420005656791908e-04 4.516120149649617277e-01
1.838292302163077596e-04 4.561343506861368358e-01
1.857360355324955234e-04 4.607019241880785376e-01
1.876626195667335361e-04 4.653151865205990556e-01
1.896091874777154607e-04 4.699745932060198084e-01
1.915759465521841621e-04 4.746806042831663852e-01
1.935631062270061172e-04 4.794336843249850655e-01
1.955708781114728846e-04 4.842343023842453631e-01
1.975994760098355690e-04 4.890829321223723603e-01
1.996491159440730127e-04 4.939800518899045700e-01
2.017200161768945271e-04 4.989261447724870346e-01
2.038123972349829914e-04 5.039216986373078466e-01
2.059264819324781030e-04 5.089672061799794811e-01
2.080624953947041958e-04 5.140631649718863105e-01
2.102206650821423031e-04 5.192100774774313088e-01
2.124012208146525615e-04 5.244084509818666140e-01
2.146043947959480971e-04 5.296587977379124679e-01
2.168304216383205808e-04 5.349616350587619307e-01
2.190795383876247460e-04 5.403174853675362099e-01
2.213519845485203497e-04 5.457268762472008428e-01
2.236480021099777307e-04 5.511903404909752613e-01
2.259678355710450397e-04 5.567084161523924157e-01
2.283117319668864927e-04 5.622816465033451117e-01
2.306799408950870674e-04 5.679105799946831956e-01
2.330727145422326139e-04 5.735957704621754694e-01
2.354903077107644042e-04 5.793377771989346448e-01
2.379329778461134598e-04 5.851371650084929987e-01
2.404009850641141430e-04 5.909945042583842900e-01
2.428945921787041128e-04 5.969103709342388209e-01
2.454140647299117572e-04 6.028853466606938216e-01
2.479596710121314542e-04 6.089200185784451325e-01
2.505316821026950364e-04 6.150149795207485726e-01
2.531303718907375625e-04 6.211708281470786908e-01
2.557560171063645517e-04 6.273881689996918531e-01
2.584088973501189718e-04 6.336676125605442689e-01
2.610892951227560877e-04 6.400097753087665708e-01
2.637974958553271983e-04 6.464152797562323638e-01
2.665337879395734012e-04 6.528847542848118524e-01
2.692984627586368662e-04 6.594188332897272797e-01
2.720918147180890752e-04 6.660181573797588905e-01
2.749141412772828589e-04 6.726833734391066688e-01
2.777657429810265503e-04 6.794151346877610465e-01
2.806469234915895243e-04 6.862141007424519268e-01
2.835579896210392321e-04 6.930809376482701678e-01
2.864992513639116824e-04 7.000163176724076841e-01
2.894710219302228495e-04 7.070209194815511022e-01
2.924736177788230689e-04 7.140954283664475710e-01
2.955073586510940952e-04 7.212405363071608955e-01
2.985725676049989048e-04 7.284569420370144988e-01
3.016695710494845151e-04 7.357453511071264662e-01
3.047986987792389042e-04 7.431064758815846272e-01
3.079602840098112464e-04 7.505410352826394904e-01
3.111546634130953558e-04 7.580497550955587194e-01
3.143821771531821380e-04 7.656333681632917498e-01
3.176431689225813751e-04 7.732926144535507973e-01
3.209379859788218429e-04 7.810282411264125590e-01
3.242669791814313334e-04 7.888410026015489906e-01
3.276305030292967976e-04 7.967316604254427448e-01
3.310289156984160485e-04 8.047009830829299215e-01
3.344625790800383127e-04 8.127497464402019256e-01
3.379318588192031184e-04 8.208787338736507344e-01
3.414371243536747005e-04 8.290887363405183841e-01
3.449787489532843898e-04 8.373805524502035968e-01
3.485571097596801217e-04 8.457549885027555447e-01
3.521725878264856638e-04 8.542128581102784723e-01
3.558255681598797553e-04 8.627549823694994346e-01
3.595164397595941282e-04 8.713821902763414506e-01
3.632455956603388120e-04 8.800953188081114265e-01
3.670134329736531508e-04 8.888952129978180405e-01
3.708203529301966816e-04 8.977827260090153194e-01
3.746667609224724996e-04 9.067587189940390369e-01
3.785530665479989424e-04 9.158240607205102579e-01
3.824796836529259047e-04 9.249796281563221756e-01
3.864470303761046756e-04 9.342263066656169013e-01
3.904555291936162294e-04 9.435649900861339257e-01
3.945056069637573764e-04 9.529965808072220490e-01
3.985976949724991374e-04 9.625219897921796219e-01
4.027322289794109996e-04 9.721421359809884200e-01
4.069096492640658538e-04 9.818579465604017065e-01
4.111304006729237697e-04 9.916703575245782165e-01
4.153949326667045832e-04 1.001580313765204178e+00
4.197036993682477248e-04 1.011588769152303335e+00
4.240571596108722442e-04 1.021696686613096094e+00
4.284557769872386038e-04 1.031905037782945511e+00
4.329000198987130541e-04 1.042214802586169720e+00
4.373903616052488485e-04 1.052626970084260538e+00
4.419272802757819659e-04 1.063142538670931003e+00
4.465112590391522918e-04 1.073762516155645219e+00
4.511427860355484700e-04 1.084487919847799686e+00
4.558223544684904629e-04 1.095319776463378858e+00
4.605504626573515034e-04 1.106259121170358739e+00
4.653276140904203588e-04 1.117306998333163603e+00
4.701543174785188144e-04 1.128464462081095077e+00
4.750310868091726425e-04 1.139732576395666941e+00
4.799584414013468984e-04 1.151112415197083294e+00
4.849369059607442972e-04 1.162605062399548306e+00
4.899670106356839635e-04 1.174211611075286266e+00
4.950492910735523151e-04 1.185933163356799547e+00
5.001842884778459749e-04 1.197770831522686041e+00
5.053725496658023749e-04 1.209725738144016294e+00
5.106146271266290022e-04 1.221799016172790076e+00
5.159110790803396896e-04 1.233991809030909881e+00
5.212624695371942656e-04 1.246305270148868161e+00
5.266693683577633543e-04 1.258740561773189048e+00
5.321323513136086772e-04 1.271298856425193247e+00
5.376520001485971803e-04 1.283981337347453344e+00
5.432289026408499604e-04 1.296789198593561787e+00
5.488636526653351000e-04 1.309723645118537894e+00
5.545568502571056020e-04 1.322785892699421817e+00
5.603091016751974955e-04 1.335977166302631192e+00
5.661210194671911474e-04 1.349298700810799057e+00
5.719932225344371906e-04 1.362751742227165996e+00
5.779263361979643070e-04 1.376337547782891635e+00
5.839209922650674548e-04 1.390057386028041631e+00
5.899778290965905286e-04 1.403912536908375142e+00
5.960974916749007396e-04 1.417904290554503621e+00
6.022806316725731485e-04 1.432033946287267101e+00
6.085279075217884951e-04 1.446302814725291430e+00
6.148399844844446493e-04 1.460712218108543903e+00
6.212175347230016343e-04 1.475263490388992738e+00
6.276612373720577261e-04 1.489957977321777038e+00
6.341717786106722439e-04 1.504797036036767510e+00
6.407498517354309102e-04 1.519782032520689219e+00
6.473961572342789347e-04 1.534914343543859694e+00
6.541114028611104371e-04 1.550195357853577649e+00
6.608963037111383878e-04 1.565626476264911471e+00
6.677515822970433307e-04 1.581209111750243590e+00
6.746779686259119467e-04 1.596944689448218213e+00
6.816762002769768437e-04 1.612834644304649068e+00
6.887470224801554028e-04 1.628880420612722979e+00
6.958911881954135941e-04 1.645083474790721700e+00
7.031094581929427274e-04 1.661445275631440399e+00
7.104026011341749419e-04 1.677967304388634506e+00
7.177713936536354823e-04 1.694651054863772099e+00
7.252166204416485686e-04 1.711498032337733788e+00
7.327390743278923034e-04 1.728509750072108053e+00
7.403395563658290730e-04 1.745687732712051243e+00
7.480188759180100323e-04 1.763033517513912907e+00
7.557778507422582273e-04 1.780548654426626909e+00
7.636173070787536645e-04 1.798234706173316377e+00
7.715380797380163181e-04 1.816093248110196567e+00
7.795410121898068041e-04 1.834125864324098965e+00
7.876269566529409301e-04 1.852334147991380631e+00
7.957967741860472828e-04 1.870719704930471128e+00
8.040513347792538693e-04 1.889284153802140542e+00
8.123915174468356861e-04 1.908029126183810487e+00
8.208182103208183384e-04 1.926956266642450677e+00
8.293323107455531033e-04 1.946067230596787656e+00
8.379347253732765581e-04 1.965363679767186067e+00
8.466263702606531463e-04 1.984847287448429975e+00
8.554081709663309292e-04 2.004519739806113865e+00
8.642810626494967568e-04 2.024382735940724931e+00
8.732459901694635982e-04 2.044437987951493785e+00
8.823039081862845030e-04 2.064687220454336725e+00
8.914557812624173717e-04 2.085132164409268629e+00
9.007025839654333793e-04 2.105774559094927501e+00
9.100453009718000594e-04 2.126616156477831865e+00
9.194849271717404600e-04 2.147658721345461874e+00
9.290224677751719468e-04 2.168904031356623907e+00
9.386589384187531701e-04 2.190353877061265386e+00
9.483953652740351832e-04 2.212010057526298645e+00
9.582327851567407810e-04 2.233874375468664297e+00
9.681722456371677239e-04 2.255948644993566177e+00
9.782148051517452255e-04 2.278234692718445586e+00
9.883615331157480453e-04 2.300734357805574337e+00
9.986135100371713261e-04 2.323449491993751614e+00
1.008971827631795779e-03 2.346381958062158102e+00
1.019437588939439742e-03 2.369533621281233682e+00
1.030011908441425547e-03 2.392906355129154061e+00
1.040695912179251306e-03 2.416502045138905874e+00
1.051490737874507999e-03 2.440322588919556779e+00
1.062397535050028452e-03 2.464369896167059260e+00
1.073417465152300479e-03 2.488645888093180325e+00
1.084551701675147244e-03 2.513152485325975238e+00
1.095801430284689152e-03 2.537891607736607380e+00
1.107167848945608086e-03 2.562865185784665822e+00
1.118652168048708991e-03 2.588075160986528900e+00
1.130255610539820672e-03 2.613523485893190390e+00
1.141979412050018019e-03 2.639212124068965437e+00
1.153824821027206850e-03 2.665143050405107683e+00
1.165793098869067268e-03 2.691318251439414944e+00
1.177885520057376980e-03 2.717739724756489839e+00
1.190103372293733466e-03 2.744409478880993181e+00
1.202447956636670855e-03 2.771329533245000754e+00
1.214920587640217061e-03 2.798501918148040168e+00
1.227522593493869489e-03 2.825928649346393762e+00
1.240255316164037445e-03 2.853611667626508197e+00
1.253120111536944106e-03 2.881552902517607428e+00
1.266118349563011020e-03 2.909754289131566640e+00
1.279251414402746406e-03 2.938217767999282248e+00
1.292520704574138743e-03 2.966945284902982483e+00
1.305927633101580838e-03 2.995938798428637639e+00
1.319473627666343640e-03 3.025200305750637586e+00
1.333160130758606100e-03 3.054731819396174775e+00
1.346988599831063426e-03 3.084535358433442287e+00
1.360960507454132785e-03 3.114612948328905784e+00
1.375077341472756044e-03 3.144966620801005863e+00
1.389340605164848764e-03 3.175598424549993304e+00
1.403751817401371806e-03 3.206510458277540998e+00
1.418312512808079552e-03 3.237704839542566049e+00
1.433024241928937143e-03 3.269183694138972029e+00
1.447888571391234714e-03 3.300949155989642225e+00
1.462907084072421170e-03 3.333003366940875178e+00
1.478081379268649919e-03 3.365348433362501446e+00
1.493413072865099663e-03 3.397986355214413390e+00
1.508903797508034461e-03 3.430919116055567208e+00
1.524555202778668994e-03 3.464148700077848364e+00
1.540368955368828178e-03 3.497677091827027240e+00
1.556346739258427812e-03 3.531506275848992793e+00
1.572490255894803783e-03 3.565638234182157529e+00
1.588801224373894393e-03 3.600074945496276602e+00
1.605281381623299220e-03 3.634818387281120611e+00
1.621932482587247265e-03 3.669870535693993130e+00
1.638756300413475890e-03 3.705233365243502330e+00
1.655754626642049181e-03 3.740908842283340974e+00
1.672929271396142838e-03 3.776898891516898171e+00
1.690282063574788428e-03 3.813205418009848469e+00
1.707814851047644456e-03 3.849830321452746507e+00
1.725529500851760191e-03 3.886775495796554125e+00
1.743427899390400781e-03 3.924042828236899538e+00
1.761511952633924545e-03 3.961634177941134816e+00
1.779783586322745623e-03 3.999551369562519110e+00
1.798244746172409725e-03 4.037796216817111095e+00
1.816897398080777369e-03 4.076370523614072816e+00
1.835743528337383315e-03 4.115276083554283204e+00
1.854785143834941424e-03 4.154514665858092037e+00
1.874024272283061508e-03 4.194087991338415478e+00
1.893462962424175347e-03 4.233997761030212637e+00
1.913103284251701586e-03 4.274245661506601124e+00
1.932947329230484419e-03 4.314833364320167952e+00
1.952997210519495652e-03 4.355762514464559310e+00
1.973255063196877566e-03 4.397034696914067453e+00
1.993723044487289483e-03 4.438651467081473179e+00
2.014403333991636545e-03 4.480614360530096540e+00
2.035298133919166610e-03 4.522924892325486113e+00
2.056409669321981014e-03 4.565584545825545959e+00
2.077740188331981749e-03 4.608594742940773870e+00
2.099291962400265475e-03 4.651956872096175033e+00
2.121067286539005114e-03 4.695672296284405078e+00
2.143068479565845945e-03 4.739742352240523537e+00
2.165297884350831769e-03 4.784168329882982462e+00
2.187757868065889379e-03 4.828951445810034215e+00
2.210450822436916402e-03 4.874092879616117813e+00
2.233379163998453452e-03 4.919593778996232736e+00
2.256545334351036866e-03 4.965455257417557888e+00
2.279951800421183873e-03 5.011678362853030144e+00
2.303601054724101291e-03 5.058264077048852947e+00
2.327495615629106025e-03 5.105213342873725857e+00
2.351638027627800300e-03 5.152527064591566841e+00
2.376030861605038947e-03 5.200206096137073075e+00
2.400676715112683938e-03 5.248251204928230607e+00
2.425578212646229900e-03 5.296663102860866168e+00
2.450738005924267635e-03 5.345442456950152632e+00
2.476158774170868476e-03 5.394589885778946048e+00
2.501843224400890787e-03 5.444105920982170055e+00
2.527794091708239835e-03 5.493991012996902512e+00
2.554014139557135663e-03 5.544245559751598051e+00
2.580506160076372069e-03 5.594869906105656376e+00
2.607272974356663817e-03 5.645864323685870545e+00
2.634317432751044803e-03 5.697228998311243409e+00
2.661642415178405198e-03 5.748964055377457250e+00
2.689250831430168437e-03 5.801069561097214944e+00
2.717145621480146229e-03 5.853545495667804133e+00
2.745329755797619713e-03 5.906391720696503533e+00
2.773806235663654578e-03 5.959608024927232073e+00
2.802578093490696969e-03 6.013194130142145433e+00
2.831648393145497905e-03 6.067149682120334120e+00
2.861020230275377035e-03 6.121474240014927126e+00
2.890696732637868666e-03 6.176167289312003206e+00
2.920681060433805588e-03 6.231228242081781055e+00
2.950976406643820733e-03 6.286656399307386955e+00
2.981585997368386368e-03 6.342450928604267624e+00
3.012513092171336185e-03 6.398610912930550398e+00
3.043760984426982594e-03 6.455135353796848108e+00
3.075333001670818404e-03 6.512023168232128789e+00
3.107232505953858373e-03 6.569273187769571365e+00
3.139462894200670522e-03 6.626884158541186842e+00
3.172027598571088534e-03 6.684854727322561807e+00
3.204930086825717988e-03 6.743183391238352087e+00
3.238173862695195235e-03 6.801868537124026837e+00
3.271762466253301700e-03 6.860908458053199155e+00
3.305699474293941412e-03 6.920301354056414667e+00
3.339988500712021222e-03 6.980045331483021975e+00
3.374633196888302683e-03 7.040138399218843546e+00
3.409637252078209519e-03 7.100578454113151139e+00
3.445004393804715175e-03 7.161363234740720785e+00
3.480738388255257953e-03 7.222490359852998587e+00
3.516843040682808650e-03 7.283957345670098782e+00
3.553322195811082877e-03 7.345761645073331181e+00
3.590179738243955750e-03 7.407900634891960934e+00
3.627419592879137060e-03 7.470371583779924052e+00
3.665045725326119500e-03 7.533171585228923384e+00
3.703062142328464139e-03 7.596297532332311420e+00
3.741472892190480376e-03 7.659746196344245028e+00
3.780282065208321642e-03 7.723514281107782153e+00
3.819493794105548439e-03 7.787598473117020248e+00
3.859112254473232896e-03 7.851995355332091364e+00
3.899141665214579666e-03 7.916701349848223046e+00
3.939586288994225381e-03 7.981712653048433914e+00
3.980450432692131217e-03 8.047025322736052644e+00
4.021738447862234674e-03 8.112635356896770844e+00
4.063454731195831511e-03 8.178538777678445726e+00
4.105603724989770678e-03 8.244731506009715716e+00
4.148189917619522944e-03 8.311209223819091108e+00
4.191217844017111963e-03 8.377967280437456310e+00
4.234692086154062153e-03 8.445000880495408424e+00
4.278617273529298354e-03 8.512305355457876033e+00
4.322998083662151630e-03 8.579876201161889426e+00
4.367839242590452163e-03 8.647708779915431521e+00
4.413145525373795078e-03 8.715798027091175015e+00
4.458921756602046010e-03 8.784138566338933529e+00
4.505172810909071658e-03 8.852724923029516191e+00
4.551903613491869657e-03 8.921551645662372465e+00
4.599119140635010185e-03 8.990613191897304901e+00
4.646824420240569693e-03 9.059904017438823232e+00
4.695024532363543772e-03 9.129418624851332709e+00
4.743724609752801580e-03 9.199151353425568445e+00
4.792929838397685938e-03 9.269096064440990546e+00
4.842645458080246067e-03 9.339246338270696057e+00
4.892876762933204456e-03 9.409595843373038448e+00
4.943629102003735051e-03 9.480138480296631087e+00
4.994907879823069254e-03 9.550868024291418124e+00
5.046718556982011245e-03 9.621777935281293992e+00
5.099066650712445053e-03 9.692861471110788329e+00
5.151957735474822081e-03 9.764111690477125904e+00
5.205397443551816432e-03 9.835521449700031837e+00
5.259391465648061322e-03 9.907083684734256934e+00
5.313945551496159110e-03 9.978791759097873637e+00
5.369065510468964963e-03 1.005063883527108182e+01
5.424757212198200521e-03 1.012261693870579293e+01
5.481026587199532007e-03 1.019471767367024384e+01
5.537879627504057288e-03 1.026693379118650640e+01
5.595322387296432567e-03 1.033925879971392980e+01
5.653360983559536403e-03 1.041168497180402852e+01
5.712001596725872245e-03 1.048420313081156863e+01
5.771250471335715587e-03 1.055680481720646924e+01
5.831113916702069903e-03 1.062948303237025094e+01
5.891598307582561478e-03 1.070222982659111288e+01
5.952710084858255785e-03 1.077503489781367385e+01
6.014455756219530720e-03 1.084788859748677936e+01
6.076841896859084755e-03 1.092078407028891363e+01
6.139875150172112959e-03 1.099371359125415282e+01
6.203562228463743722e-03 1.106666585592076935e+01
6.267909913663848032e-03 1.113963022172725026e+01
6.332925058049187518e-03 1.121259960150923796e+01
6.398614584973157972e-03 1.128556598775967679e+01
6.464985489602998250e-03 1.135851812205392797e+01
6.532044839664717835e-03 1.143144476500619255e+01
6.599799776195723958e-03 1.150433555671870067e+01
6.668257514305248913e-03 1.157718065067064472e+01
6.737425343942705057e-03 1.164997065733655113e+01
6.807310630673930191e-03 1.172269484192558942e+01
6.877920816465586153e-03 1.179534140889300176e+01
6.949263420477598714e-03 1.186789893989122291e+01
7.021346039863883386e-03 1.194035614371261289e+01
7.094176350581351057e-03 1.201270163341971653e+01
7.167762108207293217e-03 1.208492373423940158e+01
7.242111148765296817e-03 1.215701036780776967e+01
7.317231389559636714e-03 1.222894983109013012e+01
7.393130830018429349e-03 1.230073020126542716e+01
7.469817552545434010e-03 1.237233623349388623e+01
7.547299723380760175e-03 1.244375406243883120e+01
7.625585593470467910e-03 1.251497503619556539e+01
7.704683499345194898e-03 1.258598552356926348e+01
7.784601864007915928e-03 1.265676805520362258e+01
7.865349197830884265e-03 1.272730801286468605e+01
7.946934099461870279e-03 1.279759202272487961e+01
8.029365256739836101e-03 1.286760699125482077e+01
8.112651447620085332e-03 1.293733773938686760e+01
8.196801541109008382e-03 1.300676891045052130e+01
8.281824498208549198e-03 1.307588572264538662e+01
8.367729372870402055e-03 1.314467009435988132e+01
8.454525312960207289e-03 1.321310535089896199e+01
8.542221561231645374e-03 1.328117886779761037e+01
8.630827456310705137e-03 1.334887520226580193e+01
8.720352433690133076e-03 1.341617523414484658e+01
8.810806026734199076e-03 1.348305837919829742e+01
8.902197867693915564e-03 1.354951003883080141e+01
8.994537688732706648e-03 1.361551310237525136e+01
9.087835322962832529e-03 1.368104913750026519e+01
9.182100705492446044e-03 1.374610240236330583e+01
9.277343874483595307e-03 1.381065000211047078e+01
9.373574972221162052e-03 1.387467409246544570e+01
9.470804246192895265e-03 1.393816107421350381e+01
9.569042050180677147e-03 1.400108840024302381e+01
9.668298845363016217e-03 1.406343197926980615e+01
9.768585201429119680e-03 1.412517613119959670e+01
9.869911797704371617e-03 1.418630469016246209e+01
9.972289424287598611e-03 1.424679167174315708e+01
1.007572898320006384e-02 1.430662044741874084e+01
1.018024148954644985e-02 1.436576991504013989e+01
1.028583807268777794e-02 1.442421889958866821e+01
1.039252997742657995e-02 1.448194814453999513e+01
1.050032856520437784e-02 1.453893566236589052e+01
1.060924531531147810e-02 1.459515790228183718e+01
1.071929182610941930e-02 1.465060005622587980e+01
1.083047981626604830e-02 1.470523651219090056e+01
1.094282112600346302e-02 1.475904247503614997e+01
1.105632771835878513e-02 1.481200390935758548e+01
1.117101168045813060e-02 1.486409723532974958e+01
1.128688522480376412e-02 1.491529079238431521e+01
1.140396069057453970e-02 1.496557333386157929e+01
1.152225054493989133e-02 1.501491789190314918e+01
1.164176738438749310e-02 1.506330247501020914e+01
1.176252393606456309e-02 1.511070411271171743e+01
1.188453305913319755e-02 1.515710260959556521e+01
1.200780774613970439e-02 1.520247519389378255e+01
1.213236112439820130e-02 1.524679375758029565e+01
1.225820645738844895e-02 1.529003610709207095e+01
1.238535714616830104e-02 1.533218843369892959e+01
1.251382673080078146e-02 1.537321209711967995e+01
1.264362889179588764e-02 1.541309324743596498e+01
1.277477745156742686e-02 1.545180926909542052e+01
1.290728637590498641e-02 1.548933011741780241e+01
1.304116977546105130e-02 1.552563421234584062e+01
1.317644190725367204e-02 1.556069898534493845e+01
1.331311717618464778e-02 1.559449428739828747e+01
1.345121013657353190e-02 1.562701668281494705e+01
1.359073549370741658e-02 1.565820971354766833e+01
1.373170810540691109e-02 1.568807557138497799e+01
1.387414298360837434e-02 1.571657283190554999e+01
1.401805529596242446e-02 1.574368586871953291e+01
1.416346036744916929e-02 1.576938808629989630e+01
1.431037368201011108e-02 1.579365497008207875e+01
1.445881088419706702e-02 1.581646401159634152e+01
1.460878778083803814e-02 1.583778425706192117e+01
1.476032034272050167e-02 1.585760638021945645e+01
1.491342470629215128e-02 1.587588948479160322e+01
1.506811717537915631e-02 1.589262024400675344e+01
1.522441422292236841e-02 1.590777598598523745e+01
1.538233249273155030e-02 1.592132375039356695e+01
1.554188880125764900e-02 1.593324498298617264e+01
1.570310013938361685e-02 1.594352858524268868e+01
1.586598367423370376e-02 1.595213365693590646e+01
1.603055675100163030e-02 1.595904743269365511e+01
1.619683689479754427e-02 1.596424824120660091e+01
1.636484181251428652e-02 1.596771465095861942e+01
1.653458939471302847e-02 1.596941997437096461e+01
1.670609771752830028e-02 1.596936509828987383e+01
1.687938504459292680e-02 1.596750070280470446e+01
1.705446982898297173e-02 1.596382434774413284e+01
1.723137071518264854e-02 1.595831465654102566e+01
1.741010654106980513e-02 1.595095030738194275e+01
1.759069633992193377e-02 1.594172536220112413e+01
1.777315934244302204e-02 1.593060188365648955e+01
1.795751497881132447e-02 1.591757913056222584e+01
1.814378288074848869e-02 1.590263930487864386e+01
1.833198288361016087e-02 1.588576224388004832e+01
1.852213502849810872e-02 1.586693757245913616e+01
1.871425956439442054e-02 1.584614975326027064e+01
1.890837695031784629e-02 1.582340136126327756e+01
1.910450785750232236e-02 1.579863835339038580e+01
1.930267317159830090e-02 1.577189568329048441e+01
1.950289399489678333e-02 1.574314547640175377e+01
1.970519164857654354e-02 1.571238714478472787e+01
1.990958767497447851e-02 1.567958815554307250e+01
2.011610383987966558e-02 1.564476947745919233e+01
2.032476213485121669e-02 1.560790818560290916e+01
2.053558477956002673e-02 1.556901178407908759e+01
2.074859422415496063e-02 1.552809963458404674e+01
2.096381315165350701e-02 1.548510841970308149e+01
2.118126448035734938e-02 1.544008113420688311e+01
2.140097136629273700e-02 1.539300521729407656e+01
2.162295720567642895e-02 1.534391889515664786e+01
2.184724563740716996e-02 1.529274103210962288e+01
2.207386054558281574e-02 1.523958430783666174e+01
2.230282606204379153e-02 1.518441108547619400e+01
2.253416656894291492e-02 1.512719256010877977e+01
2.276790670134167319e-02 1.506797951955584836e+01
2.300407134983365257e-02 1.500680280942799882e+01
2.324268566319506388e-02 1.494361554470659392e+01
2.348377505106288149e-02 1.487849520983985663e+01
2.372736518664052621e-02 1.481141363149274959e+01
2.397348200943183807e-02 1.474242504553309630e+01
2.422215172800340488e-02 1.467153351969635544e+01
2.447340082277531248e-02 1.459874444455760489e+01
2.472725604884108350e-02 1.452412303152054740e+01
2.498374443881685655e-02 1.444768941137922447e+01
2.524289330571988926e-02 1.436943104389376913e+01
2.550473024587717602e-02 1.428941665571245601e+01
2.576928314186408692e-02 1.420769137968330220e+01
2.603658016547364187e-02 1.412424815491435481e+01
2.630664978071630897e-02 1.403915130665235189e+01
2.657952074685118737e-02 1.395242014501672578e+01
2.685522212144859575e-02 1.386413494773662158e+01
2.713378326348420480e-02 1.377428622451363616e+01
2.741523383646551557e-02 1.368295727946571461e+01
2.769960381159075613e-02 1.359020715131200774e+01
2.798692347094029059e-02 1.349605933030310290e+01
2.827722341070142142e-02 1.340056804704603266e+01
2.857053454442647772e-02 1.330379518997814792e+01
2.886688810632485197e-02 1.320576685733898081e+01
2.916631565458890907e-02 1.310657618859247542e+01
2.946884907475465221e-02 1.300630767957859923e+01
2.977452058309724980e-02 1.290493903939214171e+01
3.008336273006151015e-02 1.280259511824972485e+01
3.039540840372825445e-02 1.269932968413040797e+01
3.071069083331643204e-02 1.259521007393604108e+01
3.102924359272178634e-02 1.249029582443075093e+01
3.135110060409188742e-02 1.238466327414368351e+01
3.167629614143854105e-02 1.227835897321781289e+01
3.200486483428766765e-02 1.217152602475104928e+01
3.233684167136674503e-02 1.206415492146182089e+01
3.267226200433079319e-02 1.195638603968469127e+01
3.301116155152701570e-02 1.184822320084018621e+01
3.335357640179820865e-02 1.173982681807694384e+01
3.369954301832588789e-02 1.163123366531635838e+01
3.404909824251316913e-02 1.152265762533503946e+01
3.440227929790804634e-02 1.141393660192389525e+01
3.475912379416709608e-02 1.130523939761335939e+01
3.511966973106055157e-02 1.119665144474817531e+01
3.548395550251891295e-02 1.108823412233628858e+01
3.585201990072130196e-02 1.098011906420645190e+01
3.622390212022642136e-02 1.087236071853501329e+01
3.659964176214647313e-02 1.076504206676527886e+01
3.697927883836395202e-02 1.065823015620302527e+01
3.736285377579263295e-02 1.055197457724993981e+01
3.775040742068245386e-02 1.044643691799875995e+01
3.814198104296935565e-02 1.034162706593946091e+01
3.853761634066976693e-02 1.023762031499567904e+01
3.893735544432112838e-02 1.013452134910109947e+01
3.934124092146838031e-02 1.003238018304583079e+01
3.974931578119667019e-02 9.931257453905269372e+00
4.016162347871151533e-02 9.831218684399024355e+00
4.057820791996615689e-02 9.732388898188201409e+00
4.099911346633720866e-02 9.634762943638808252e+00
4.142438493934837151e-02 9.538414778638468761e+00
4.185406762544353898e-02 9.443415009549740446e+00
4.228820728080939784e-02 9.349800642741778134e+00
4.272685013624765576e-02 9.257654199175474830e+00
4.317004290209822820e-02 9.166973563804553748e+00
4.361783277321347463e-02 9.077822563917973042e+00
4.407026743398362312e-02 8.990276522373498835e+00
4.452739506341479164e-02 8.904311874461118492e+00
4.498926434025938420e-02 8.820002711955609698e+00
4.545592444820000660e-02 8.737350835440642172e+00
4.592742508108667299e-02 8.656363698991953015e+00
4.640381644822875323e-02 8.577118491253139965e+00
4.688514927974182789e-02 8.499576996416994490e+00
4.737147483194956155e-02 8.423755789848760500e+00
4.786284489284205884e-02 8.349622557392530453e+00
4.835931178759080018e-02 8.277218911981426785e+00
4.886092838412040007e-02 8.206549109236371820e+00
4.936774809873859665e-02 8.137542970435980294e+00
4.987982490182436141e-02 8.070203404218341703e+00
5.039721332357534334e-02 8.004509454259897794e+00
5.091996845981438397e-02 7.940390170665208025e+00
5.144814597785669213e-02 7.877856386035377412e+00
5.198180212243798393e-02 7.816786638623469230e+00
5.252099372170353914e-02 7.757226746276612239e+00
5.306577819325992290e-02 7.699032716732940429e+00
5.361621355028924757e-02 7.642140701906797950e+00
5.417235840772705729e-02 7.586532083523975345e+00
5.473427198850383535e-02 7.532083135370416294e+00
5.530201412985170234e-02 7.478706107577789197e+00
5.587564528967656208e-02 7.426313454855611340e+00
5.645522655299584081e-02 7.374808994220598102e+00
5.704081963844345043e-02 7.324108110518755765e+00
5.763248690484232967e-02 7.274070299235442683e+00
5.823029135784452831e-02 7.224569778619471805e+00
5.883429665664086095e-02 7.175504159074573174e+00
5.944456712073971361e-02 7.126760546114507378e+00
6.006116773681655779e-02 7.078208747889949137e+00
6.068416416563393589e-02 7.029697685336145696e+00
6.131362274903372905e-02 6.981090790952947600e+00
6.194961051700196425e-02 6.932264949037085344e+00
6.259219519480639649e-02 6.883085073046993685e+00
6.324144521020856613e-02 6.833408200069057692e+00
6.389742970075083794e-02 6.783096108580410011e+00
6.456021852111831771e-02 6.732015742102781530e+00
6.522988225057776979e-02 6.680036426690687534e+00
6.590649220049343837e-02 6.627026506501517034e+00
6.659012042192108405e-02 6.572859225617015078e+00
6.728083971328022161e-02 6.517418328783232795e+00
6.797872362810644664e-02 6.460596728852836534e+00
6.868384648288426708e-02 6.402293906982887250e+00
6.939628336496055094e-02 6.342418899361005558e+00
7.011611014054058844e-02 6.280888260499025044e+00
7.084340346276726819e-02 6.217627708177981383e+00
7.157824077988320099e-02 6.152584177688543043e+00
7.232070034347845566e-02 6.085715859141561879e+00
7.307086121682317137e-02 6.016989283022988744e+00
7.382880328328730868e-02 5.946397778835033066e+00
7.459460725484669263e-02 5.873951922110715707e+00
7.536835468067826227e-02 5.799667848075704235e+00
7.615012795584423511e-02 5.723584605381629942e+00
7.694001033006582502e-02 5.645771145059080176e+00
7.773808591658860900e-02 5.566301101272393304e+00
7.854443970113950124e-02 5.485257682987932704e+00
7.935915755097705526e-02 5.402765459063549436e+00
8.018232622403481669e-02 5.318961776019617282e+00
8.101403337816025230e-02 5.233982671042113566e+00
8.185436758044963013e-02 5.147989029037894682e+00
8.270341831667875343e-02 5.061175244837371245e+00
8.356127600083250451e-02 4.973731354640352542e+00
8.442803198473308735e-02 4.885846851083667453e+00
8.530377856776739931e-02 4.797748314773095046e+00
8.618860900671625191e-02 4.709668237589958117e+00
8.708261752568484393e-02 4.621826252330376583e+00
8.798589932613701259e-02 4.534452715448797910e+00
8.889855059703244411e-02 4.447797610288149350e+00
8.982066852506995214e-02 4.362096011105831117e+00
9.075235130503706005e-02 4.277571555483508980e+00
9.169369815026599813e-02 4.194459413776910672e+00
9.264480930319904384e-02 4.112984454837936177e+00
9.360578604606346886e-02 4.033353370334911148e+00
9.457673071165635659e-02 3.955764385343179868e+00
9.555774669424217660e-02 3.880405481513843124e+00
9.654893846056293583e-02 3.807447915816381201e+00
9.755041156096302957e-02 3.737039848528570740e+00
9.856227264062851490e-02 3.669304621560748103e+00
9.958462945094392893e-02 3.604353311382028746e+00
1.006175908609667630e-01 3.542272704476902678e+00
1.016612668690202309e-01 3.483109268906784628e+00
1.027157686144070520e-01 3.426900667350966767e+00
1.037812083892448306e-01 3.373663075478228635e+00
1.048576996504232001e-01 3.323361114910110103e+00
1.059453570316861298e-01 3.275953358985956410e+00
1.070442963558387722e-01 3.231375972622737791e+00
1.081546346470817904e-01 3.189504353439805762e+00
1.092764901434723074e-01 3.150211349585629872e+00
1.104099823095152644e-01 3.113346984865601019e+00
1.115552318488853417e-01 3.078712366059808581e+00
1.127123607172797609e-01 3.046111284546663356e+00
1.138814921354056597e-01 3.015315778162614979e+00
1.150627506021013602e-01 2.986061729088114181e+00
1.162562619075945547e-01 2.958089281208613919e+00
1.174621531468967861e-01 2.931108417538231148e+00
1.186805527333379406e-01 2.904817709112813784e+00
1.199115904122410592e-01 2.878919124362267379e+00
1.211553972747381053e-01 2.853102235747406290e+00
1.224121057717298816e-01 2.827062991753505283e+00
1.236818497279909140e-01 2.800507247730072091e+00
1.249647643564195110e-01 2.773151162139998682e+00
1.262609862724368426e-01 2.744728273963797260e+00
1.275706535085346094e-01 2.715007111403784368e+00
1.288939055289743951e-01 2.683776865839372139e+00
1.302308832446383013e-01 2.650870279804895535e+00
1.315817290280345830e-01 2.616162035171905487e+00
1.329465867284590763e-01 2.579561896513506536e+00
1.343256016873127512e-01 2.541048931221430163e+00
1.357189207535791919e-01 2.500630422979781997e+00
1.371266922994627269e-01 2.458384164797555727e+00
1.385490662361875402e-01 2.414423785478384765e+00
1.399861940299619578e-01 2.368916699297033190e+00
1.414382287181076558e-01 2.322078157513298713e+00
1.429053249253567637e-01 2.274153229920006680e+00
1.443876388803169153e-01 2.225436767763559143e+00
1.458853284321079968e-01 2.176232602226045199e+00
1.473985530671718669e-01 2.126881153352310427e+00
1.489274739262547720e-01 2.077717165152411560e+00
1.504722538215676753e-01 2.029088629746891304e+00
1.520330572541234160e-01 1.981328584596431464e+00
1.536100504312548631e-01 1.934765542426719609e+00
1.552034012843130917e-01 1.889704317938887046e+00
1.568132794865505220e-01 1.846413302635862230e+00
1.584398564711897717e-01 1.805126369048945190e+00
1.600833054496781371e-01 1.766021812398799851e+00
1.617438014301331994e-01 1.729240249265599827e+00
1.634215212359795832e-01 1.694866451868528578e+00
1.651166435247777009e-01 1.662946670603068000e+00
1.668293488072491171e-01 1.633451624398099433e+00
1.685598194664988114e-01 1.606312538158438219e+00
1.703082397774372536e-01 1.581395429835492861e+00
1.720747959264026794e-01 1.558529948857113601e+00
1.738596760309882028e-01 1.537490482965336858e+00
1.756630701600746525e-01 1.518015544295384212e+00
1.774851703540697156e-01 1.499805671082645953e+00
1.793261706453584126e-01 1.482547285495704026e+00
1.811862670789659013e-01 1.465928585955312835e+00
1.830656577334328905e-01 1.449675762852880245e+00
1.849645427419094046e-01 1.433478032463173957e+00
1.868831243134661813e-01 1.416912100579760470e+00
1.888216067546285015e-01 1.399639095419815460e+00
1.907801964911311765e-01 1.381421391904448237e+00
1.927591020899009910e-01 1.362054297589214702e+00
1.947585342812674924e-01 1.341386316111772503e+00
1.967787059814017914e-01 1.319351507353266451e+00
1.988198323149907298e-01 1.295956957414185151e+00
2.008821306381445571e-01 1.271280648515817457e+00
2.029658205615436917e-01 1.245491314160789731e+00
2.050711239738235159e-01 1.218810752208754122e+00
2.071982650652034463e-01 1.191499995567329107e+00
2.093474703513612811e-01 1.163852577271458077e+00
2.115189686975531558e-01 1.136180858389396642e+00
2.137129913429856864e-01 1.108800062667786079e+00
2.159297719254408832e-01 1.081992792638682754e+00
2.181695465061545269e-01 1.056019723515526643e+00
2.204325535949548664e-01 1.031115608606074430e+00
2.227190341756605518e-01 1.007470308718148910e+00
2.250292317317436896e-01 9.852206263550689069e-01
2.273633922722564371e-01 9.644617180339627449e-01
2.297217643580289070e-01 9.452458705011687057e-01
2.321045991281386611e-01 9.275275677972457666e-01
2.345121503266525964e-01 9.112289912791405877e-01
2.369446743296485802e-01 8.962344383047980978e-01
2.394024301725171111e-01 8.823444579697010681e-01
2.418856795775441715e-01 8.693126708459095742e-01
2.443946869817825163e-01 8.568721153169932547e-01
2.469297195652107313e-01 8.447521686830392618e-01
2.494910472791856126e-01 8.326883781496466908e-01
2.520789428751875616e-01 8.204286944149949967e-01
2.546936819338658786e-01 8.077721000056603540e-01
2.573355428943860379e-01 7.945812327982264556e-01
2.600048070840783043e-01 7.807688953463000070e-01
2.627017587483967409e-01 7.662929905726423296e-01
2.654266850811888290e-01 7.511803664144873771e-01
2.681798762552767279e-01 7.355115796370278458e-01
2.709616254533581681e-01 7.194147212900406929e-01
2.737722288992265884e-01 7.030740883535948615e-01
2.766119858893165695e-01 6.867016612194422054e-01
2.794811988245737844e-01 6.705173577142040653e-01
2.823801732426579614e-01 6.547468250894429298e-01
2.853092178504798571e-01 6.395871254475151702e-01
2.882686445570733502e-01 6.251879380437393996e-01
2.912587685068113164e-01 6.116350593830661708e-01
2.942799081129639505e-01 5.989668016085888391e-01
2.973323850916075317e-01 5.871564935236557314e-01
3.004165244958815206e-01 5.761158891537073723e-01
3.035326547506037587e-01 5.657345772994444300e-01
3.066811076872450470e-01 5.558740778293674856e-01
3.098622185792631600e-01 5.463820619070981488e-01
3.130763261778065631e-01 5.370972665305883131e-01
3.163237727477885564e-01 5.278610539324884998e-01
3.196049041043324546e-01 5.185293159448545186e-01
3.229200696495981848e-01 5.089960703696807531e-01
3.262696224099888020e-01 4.991995917145816697e-01
3.296539190737451386e-01 4.891338127051351181e-01
3.330733200289268114e-01 4.788485968624606737e-01
3.365281894017903563e-01 4.684339951298041038e-01
3.400188950955655987e-01 4.579995368789024912e-01
3.435458088296307055e-01 4.476637585968359367e-01
3.471093061790973544e-01 4.375364098904426235e-01
3.507097666148057957e-01 4.277174605424317599e-01
3.543475735437321417e-01 4.182877196494074745e-01
3.580231143498182056e-01 4.093028307948210487e-01
3.617367804352224492e-01 4.007857086824835324e-01
3.654889672620013630e-01 3.927135272594765025e-01
3.692800743942192265e-01 3.850221977587172106e-01
3.731105055404982385e-01 3.776222246721813725e-01
3.769806685970099047e-01 3.704097011356921598e-01
3.808909756909087951e-01 3.632948429531214773e-01
3.848418432242205478e-01 3.562102772862065780e-01
3.888336919181848983e-01 3.491133398851606895e-01
3.928669468580553992e-01 3.419812256584941479e-01
3.969420375383673760e-01 3.348105955573790760e-01
4.010593979086734540e-01 3.276207378304824558e-01
4.052194664197555363e-01 3.204545438115781741e-01
4.094226860703126247e-01 3.133745115005759918e-01
4.136695044541357502e-01 3.064439699957374752e-01
4.179603738077731778e-01 2.997128850249655696e-01
4.222957510586853869e-01 2.932060042532623756e-01
4.266760978739046473e-01 2.869274358746900511e-01
4.311018807091959171e-01 2.808703732978681811e-01
4.355735708587307742e-01 2.750209404839111804e-01
4.400916445052723280e-01 2.693558592858185663e-01
4.446565827708841567e-01 2.638372353264794024e-01
4.492688717681657118e-01 2.584173497231198602e-01
4.539290026520148014e-01 2.530539638249382217e-01
4.586374716719313627e-01 2.477250188900881056e-01
4.633947802248634118e-01 2.424296440725479396e-01
4.682014349085974469e-01 2.371793355694234162e-01
4.730579475757067942e-01 2.319880839503934422e-01
4.779648353880571188e-01 2.268735434760666692e-01
4.829226208718800928e-01 2.218617568380180649e-01
4.879318319734133325e-01 2.169837808855717143e-01
4.929930021151219255e-01 2.122591086364831736e-01
4.981066702525033252e-01 2.076853608507333027e-01
5.032733809314767770e-01 2.032415358193565835e-01
5.084936843463725431e-01 1.989043554436127903e-01
5.137681363985225902e-01 1.946568804098376126e-01
5.190972987554548501e-01 1.904849962290070253e-01
5.244817389107061523e-01 1.863718528718366907e-01
5.299220302442523289e-01 1.823065826133474232e-01
5.354187520835690384e-01 1.782942034070520709e-01
5.409724897653199749e-01 1.743523784288922018e-01
5.465838346976898965e-01 1.704959921830031533e-01
5.522533844233645794e-01 1.667283835869014519e-01
5.579817426831585880e-01 1.630477345000991563e-01
5.637695194803089560e-01 1.594580204794782408e-01
5.696173311454323374e-01 1.559606315387798148e-01
5.755258004021591711e-01 1.525460886415535289e-01
5.814955564334429727e-01 1.491991622168243603e-01
5.875272349485629597e-01 1.459131547917234539e-01
5.936214782508211218e-01 1.426898401406004879e-01
5.997789353059369555e-01 1.395275889880086551e-01
6.060002618111558492e-01 1.364206808060365039e-01
6.122861202650753398e-01 1.333710950460091638e-01
6.186371800381900155e-01 1.303896442996808069e-01
6.250541174441738290e-01 1.274801625778687886e-01
6.315376158118983785e-01 1.246360133553570532e-01
6.380883655582020308e-01 1.218532355579387133e-01
6.447070642614076696e-01 1.191345526512180286e-01
6.513944167356078285e-01 1.164756227592173704e-01
6.581511351057220960e-01 1.138670969796830579e-01
6.649779388833254590e-01 1.113079875659016976e-01
6.718755550432701229e-01 1.088041033205378871e-01
6.788447181011016962e-01 1.063538185305305805e-01
6.858861701912728481e-01 1.039522759457614243e-01
6.930006611461742017e-01 1.016035011937679866e-01
7.001889485759814624e-01 9.931071217426321041e-02
7.074517979493352149e-01 9.706765801924148451e-02
7.147899826748497221e-01 9.487024411580109728e-02
7.222042841834741544e-01 9.272203870017975413e-02
7.296954920117081356e-01 9.062051685186743588e-02
7.372644038856738247e-01 8.856001954627273909e-02
7.449118258060670739e-01 8.654396288127551295e-02
7.526385721339859947e-01 8.457436861744350998e-02
7.604454656776534760e-01 8.264734961053871176e-02
7.683333377800325437e-01 8.076169996534332540e-02
7.763030284073566545e-01 7.891666718236249600e-02
7.843553862385788111e-01 7.711150700486607557e-02
7.924912687557409408e-01 7.534548361010562356e-02
8.007115423352886285e-01 7.361786972115999528e-02
8.090170823403317613e-01 7.192794670821840708e-02
8.174087732138565210e-01 7.027500467964621633e-02
8.258875085729107113e-01 6.865834233187859126e-02
8.344541913037620828e-01 6.707724695091241141e-02
8.431097336580488655e-01 6.553098133811520454e-02
8.518550573499183987e-01 6.401881879374420048e-02
8.606910936541819490e-01 6.254004676820019981e-02
8.696187835054864923e-01 6.109396661102318299e-02
8.786390775985087886e-01 5.967989332376295863e-02
8.877529364891955099e-01 5.829715531667617467e-02
8.969613306970538602e-01 5.694509416920497807e-02
9.062652408084953537e-01 5.562306439419248405e-02
9.156656575812602838e-01 5.433043320578687801e-02
9.251635820499199969e-01 5.306658029099083768e-02
9.347600256324792856e-01 5.183089800671410868e-02
9.444560102380750166e-01 5.062279232512271326e-02
9.542525683757999699e-01 4.944168123079534238e-02
9.641507432646561071e-01 4.828699408777280266e-02
9.741515889446394905e-01 4.715817144086298374e-02
9.842561703889861624e-01 4.605466481980066695e-02
9.944655636175818714e-01 4.497593654623862486e-02
1.004780855811539420e+00 4.392145954354523263e-02
1.015203145428977827e+00 4.289071714938046814e-02
1.025733542321989544e+00 4.188320293102740233e-02
1.036373167854829136e+00 4.089842050345077196e-02
1.047123155023325980e+00 3.993588335005795326e-02
1.057984648575533981e+00 3.899511464613538564e-02
1.068958805133634726e+00 3.807564708493416800e-02
1.080046793317100962e+00 3.717702270637857770e-02
1.091249793867151263e+00 3.629879273778138793e-02
1.102568999772470359e+00 3.544051779887837095e-02
1.114005616396258391e+00 3.460176781867482787e-02
1.125560861604585350e+00 3.378212136526469872e-02
1.137235965896079781e+00 3.298116545481883516e-02
1.149032172532962193e+00 3.219849540014938644e-02
1.160950737673435817e+00 3.143371466150418625e-02
1.172992930505462716e+00 3.068643469957015382e-02
1.185160033381902123e+00 2.995627483066876789e-02
1.197453341957076756e+00 2.924286208411983404e-02
1.209874165324741790e+00 2.854583106175586152e-02
1.222423826157487792e+00 2.786482379956593466e-02
1.235103660847588491e+00 2.719948963144818224e-02
1.247915019649319612e+00 2.654948505505013920e-02
1.260859266822731417e+00 2.591447359967718328e-02
1.273937780778935380e+00 2.529412569624630430e-02
1.287151954226886996e+00 2.468811854926549615e-02
1.300503194321693146e+00 2.409613601081711520e-02
1.313992922814457120e+00 2.351786845652399649e-02
1.327622576203676186e+00 2.295301266347708757e-02
1.341393605888222540e+00 2.240127169010270800e-02
1.355307478321884362e+00 2.186235468118310002e-02
1.369365675169536445e+00 2.133597648140155359e-02
1.383569693464917982e+00 2.082185780680680803e-02
1.397921045770048609e+00 2.031972524177080852e-02
1.412421260336298889e+00 1.982931112538156501e-02
1.427071881267128584e+00 1.935035343976037811e-02
1.441874468682526889e+00 1.888259570029258635e-02
1.456830598885129335e+00 1.842578684774722267e-02
1.471941864528087729e+00 1.797968114225758848e-02
1.487209874784666042e+00 1.754403805913876124e-02
1.502636255519598896e+00 1.711862218651552525e-02
1.518222649462225959e+00 1.670320312473589849e-02
1.533970716381421795e+00 1.629755538754470642e-02
1.549882133262353578e+00 1.590145830499201801e-02
1.565958594485042044e+00 1.551469592805285701e-02
1.582201812004804697e+00 1.513705693493191777e-02
1.598613515534557328e+00 1.476833453903009588e-02
1.615195452729007330e+00 1.440832639854822475e-02
1.631949389370755732e+00 1.405683452770429068e-02
1.648877109558344767e+00 1.371366520953975002e-02
1.665980415896224809e+00 1.337862891029265727e-02
1.683261129686723034e+00 1.305154019531272296e-02
1.700721091123988282e+00 1.273221763703932287e-02
1.718362159489949414e+00 1.242048366397850885e-02
1.736186213352307828e+00 1.211616452889596740e-02
1.754195150764578770e+00 1.181909027415574756e-02
1.772390889468226982e+00 1.152909465463159561e-02
1.790775367096861359e+00 1.124601506170027146e-02
1.809350541382585442e+00 1.096969244865254357e-02
1.828118390364468882e+00 1.069997125749993887e-02
1.847080912599185609e+00 1.043669934715442740e-02
1.866240127373837154e+00 1.017972792295862225e-02
1.885598074920978640e+00 9.928911467544886821e-03
1.905156816635895423e+00 9.684107673000964811e-03
1.924918435296095076e+00 9.445177374321780950e-03
1.944885035283113073e+00 9.211984484124845565e-03
1.965058742806601755e+00 8.984395928609445470e-03
1.985441706130747219e+00 8.762281584738358664e-03
2.006036095803033437e+00 8.545514218621971803e-03
2.026844104885376474e+00 8.333969425084540583e-03
2.047867949187676118e+00 8.127525568392550068e-03
2.069109867503750255e+00 7.926063724126158894e-03
2.090572121849755494e+00 7.729467622173559482e-03
2.112256997705061590e+00 7.537623590829707447e-03
2.134166804255627881e+00 7.350420500229392501e-03
2.156303874639901696e+00 7.167749656920505141e-03
2.178670566197286718e+00 6.989504748625763493e-03
2.201269260719145748e+00 6.815581856387147204e-03
2.224102364702451595e+00 6.645879406991772251e-03
2.247172309606046081e+00 6.480298122631927837e-03
2.270481552109563150e+00 6.318740971574729297e-03
2.294032574375034716e+00 6.161113119823199286e-03
2.317827884311209008e+00 6.007321883750592166e-03
2.341870015840631147e+00 5.857276683689986371e-03
2.366161529169448219e+00 5.710888998462074206e-03
2.390705011060061391e+00 5.568072320823268424e-03
2.415503075106579356e+00 5.428742113817617079e-03
2.440558362013136584e+00 5.292815768015620911e-03
2.465873539875097276e+00 5.160212559623464715e-03
2.491451304463172089e+00 5.030853609446627774e-03
2.517294379510504054e+00 4.904661842691703140e-03
2.543405517002687244e+00 4.781561949591166261e-03
2.569787497470839455e+00 4.661480346835142168e-03
2.596443130287690249e+00 4.544345139795475524e-03
2.623375253966749199e+00 4.430086085526939443e-03
2.650586736464566329e+00 4.318634556531008792e-03
2.678080475486159351e+00 4.209923505325105508e-03
2.705859398793550863e+00 4.103887470654233108e-03
2.733926464517566046e+00 4.000462608938872185e-03
2.762284661472829583e+00 3.899586557891423621e-03
2.790937009476042174e+00 3.801198384448797440e-03
2.819886559667554859e+00 3.705238553818118556e-03
2.849136394836274011e+00 3.611648899140559171e-03
2.878689629747964940e+00 3.520372591762250224e-03
2.908549411476905266e+00 3.431354112101885241e-03
2.938718919741031943e+00 3.344539221104116458e-03
2.969201367240541067e+00 3.259874932268543458e-03
3.000000000000000000e+00 3.177309484244010898e-03
